53
25
47
52
30
56
55
43
50
31
37
0
44
34
28
32
6
37
25
4
9
46
4
0
20
50
29
67
45
87
113
162
133
223
216
271
254
283
233
253
259
288
323
236
213
190
211
218
304
250
259
276
157
170
218
333
305
293
238
249
218
249
284
231
255
222
207
194
241
262
287
241
286
196
236
259
233
232
255
233
217
245
258
276
265
238
233
275
249
212
257
253
247
251
184
220
225
264
257
233
268
188
255
281
213
195
213
220
199
218
242
203
226
141
201
191
171
225
158
156
216
183
168
151
173
133
191
175
137
156
185
161
141
158
190
152
191
207
201
140
140
177
124
155
171
145
146
147
170
143
182
146
165
151
153
146
166
162
202
184
189
168
124
151
221
200
220
169
212
129
200
181
131
202
169
197
230
151
106
165
126
201
235
183
153
148
125
173
187
131
153
158
146
165
163
210
203
131
112
125
129
235
175
114
144
143
222
201
99
119
199
146
155
174
185
145
170
159
198
149
209
153
171
180
179
150
210
166
202
143
201
154
180
222
218
161
230
176
184
173
137
153
164
158
153
215
197
178
238
112
180
201
135
171
176
183
202
200
165
191
209
203
154
136
177
149
171
116
126
190
106
159
150
162
206
173
154
125
202
141
204
110
157
201
185
185
146
171
141
137
121
227
177
169
163
110
187
143
229
138
152
219
172
174
182
235
172
124
170
217
206
194
193
233
197
170
203
173
159
192
222
232
202
209
181
269
202
209
215
198
197
183
198
235
172
213
311
207
220
233
161
202
196
245
206
289
216
319
276
231
284
228
221
246
247
216
333
310
293
320
304
349
292
303
363
334
306
321
329
361
289
328
361
340
307
322
339
304
412
346
343
347
325
254
281
211
248
235
266
206
199
204
228
194
192
187
175
205
171
152
113
173
154
156
114
108
107
94
107
87
106
130
153
98
106
124
146
117
179
80
100
97
121
152
120
111
113
117
151
109
123
116
173
87
128
111
118
101
121
83
126
116
114
115
106
74
131
136
76
106
95
87
150
115
75
112
119
115
123
97
82
112
65
154
109
98
106
95
133
99
157
87
135
143
71
87
84
50
42
69
83
73
57
93
79
89
116
62
51
60
102
93
103
71
98
118
82
133
126
161
138
139
188
174
122
86
144
141
84
161
86
115
145
115
126
82
85
108
139
112
95
128
80
101
70
96
153
151
97
84
110
133
147
117
74
146
124
65
130
67
96
92
108
116
122
115
138
144
131
115
98
120
100
143
147
133
139
94
133
140
161
122
104
99
101
151
100
121
130
85
91
92
102
124
164
97
85
71
46
112
137
172
121
98
141
109
105
152
122
117
111
125
104
124
113
112
163
55
114
100
100
127
94
93
89
80
84
109
117
106
146
106
107
50
72
139
120
160
89
143
153
110
81
128
107
129
100
161
72
177
105
152
149
90
158
123
111
133
153
159
154
96
114
148
81
136
128
155
98
152
147
172
104
158
116
171
110
180
144
146
168
110
92
194
207
187
169
139
139
126
135
117
125
132
147
170
133
151
146
225
142
225
167
182
123
150
154
215
208
139
147
133
207
137
142
199
203
161
137
158
195
129
203
126
166
166
159
169
217
146
190
153
208
214
172
147
211
213
171
157
180
193
156
156
183
194
166
151
190
231
217
165
185
179
152
190
265
140
148
223
157
185
212
190
183
224
211
180
196
197
161
188
145
185
175
201
224
196
209
166
192
205
212
162
231
187
220
238
171
147
133
179
210
161
132
224
182
203
204
208
203
232
201
257
201
237
167
196
207
221
209
250
207
206
251
222
233
237
254
250
251
233
221
213
240
311
253
189
254
246
222
195
251
223
213
255
236
258
243
246
283
261
251
246
240
248
193
233
257
264
235
225
238
204
224
236
233
233
251
260
230
226
247
232
248
203
265
233
272
286
238
210
210
282
244
204
249
276
223
228
246
233
281
289
213
261
201
291
233
235
251
251
249
225
230
266
203
293
228
247
260
260
252
305
220
255
209
276
228
212
229
268
265
244
285
255
265
222
261
206
241
241
206
217
291
282
217
168
251
282
236
224
231
231
230
226
238
286
224
236
280
246
234
268
232
272
224
257
273
266
243
238
281
226
264
239
224
212
251
251
229
223
241
190
214
244
249
252
254
269
205
220
181
244
246
271
263
236
265
209
250
211
247
244
205
251
200
281
186
213
257
218
264
302
244
246
199
269
275
234
243
279
251
266
229
241
257
249
239
245
227
221
220
223
222
223
238
245
240
323
270
280
309
261
265
280
248
234
235
270
258
310
237
310
245
196
255
275
220
240
218
244
257
267
224
258
264
241
247
254
239
304
250
233
190
309
211
278
285
253
251
227
287
210
300
257
272
256
252
238
260
255
291
256
225
206
260
234
252
267
202
235
270
234
251
238
206
214
231
266
244
264
220
252
237
245
235
221
230
263
234
220
237
209
231
220
263
237
230
253
254
217
287
248
270
228
222
273
271
291
270
205
227
242
252
253
264
239
271
230
278
227
252
264
202
215
223
227
257
251
220
235
229
247
209
255
292
206
282
248
284
217
232
288
279
219
245
260
250
229
281
266
252
274
238
222
260
248
234
206
215
222
225
220
234
236
253
260
255
286
250
213
272
229
228
323
259
297
267
274
231
280
242
250
250
225
221
282
247
238
280
298
269
249
232
238
246
237
229
267
248
303
276
211
265
219
260
275
262
264
221
256
257
227
256
256
269
263
234
279
246
242
245
259
258
236
272
244
226
264
282
255
294
268
231
236
271
259
234
214
260
242
272
214
242
261
255
219
262
247
259
255
238
268
250
233
242
222
246
244
241
281
232
247
244
249
241
226
296
235
271
242
251
227
224
259
208
234
264
271
217
207
209
243
235
233
236
237
211
261
279
228
231
239
252
263
268
241
280
275
208
244
231
216
249
251
252
196
257
285
238
228
247
274
240
233
214
280
219
252
244
259
269
294
259
196
210
240
256
264
260
230
283
272
276
242
253
268
206
236
256
243
239
262
253
238
213
225
223
285
252
258
254
224
255
202
272
244
258
230
244
254
238
252
234
215
223
240
242
244
228
303
241
236
230
216
219
267
256
228
207
262
229
240
241
244
208
213
191
223
221
266
262
263
241
312
181
278
256
243
263
239
286
241
239
239
259
232
234
295
242
222
231
254
216
233
242
194
228
207
196
230
219
217
230
187
199
184
237
243
230
244
225
264
235
219
208
225
221
212
277
255
277
237
273
202
220
259
237
235
265
255
261
213
175
238
233
225
230
192
202
218
259
228
222
185
219
257
202
244
225
245
254
255
295
245
247
243
242
241
219
219
232
228
228
210
244
219
240
277
267
262
255
225
237
296
285
227
209
262
295
202
243
245
259
294
224
236
240
231
275
271
279
238
270
246
245
272
210
225
212
293
220
260
237
289
291
187
201
215
238
321
314
275
228
244
283
274
234
229
260
218
231
189
216
283
274
261
263
260
257
221
226
205
216
271
214
251
225
257
265
235
209
194
223
231
252
256
252
311
206
236
248
290
161
230
244
282
255
244
249
228
302
266
264
210
209
251
203
222
236
292
232
263
214
235
234
256
204
294
222
272
245
258
282
262
260
260
233
234
230
239
258
263
256
297
227
293
285
264
241
253
236
256
232
284
254
261
240
243
319
233
248
216
244
221
229
302
239
262
232
269
322
227
257
289
255
230
256
246
256
235
254
243
254
313
237
289
217
262
278
224
259
228
221
207
229
206
289
288
245
266
252
260
332
248
235
237
280
278
228
267
287
276
216
254
262
260
254
287
241
227
250
258
273
190
239
239
250
275
281
241
243
244
247
268
249
179
196
261
297
228
278
245
266
231
263
252
270
219
244
284
248
259
246
202
237
228
242
243
225
292
238
288
244
270
250
286
228
294
258
246
267
246
261
263
278
244
240
235
282
286
237
279
250
263
252
244
230
249
255
276
269
256
264
216
225
224
306
250
252
210
306
219
241
267
234
273
298
277
270
259
287
257
240
253
251
268
267
259
244
279
246
274
307
282
266
279
252
249
260
283
284
284
256
246
302
278
229
241
260
239
271
284
258
314
255
262
239
211
229
245
289
293
275
253
244
237
224
274
206
261
232
235
271
247
279
243
294
269
225
253
258
245
234
249
287
278
263
305
247
319
247
266
291
312
286
269
263
220
277
270
231
262
219
245
228
235
227
276
248
268
216
214
233
265
264
267
293
300
274
274
249
272
267
229
299
238
264
229
233
233
257
224
263
281
239
285
273
257
273
285
272
225
250
284
265
293
236
275
265
263
278
245
261
278
270
240
284
204
246
318
260
277
275
262
285
211
261
248
276
302
258
280
267
256
223
257
311
271
274
255
284
272
246
266
312
232
243
286
282
289
312
267
286
236
280
266
287
250
290
228
255
272
243
244
268
246
289
256
278
270
257
273
231
269
284
248
244
286
260
309
247
300
269
262
263
279
276
237
241
293
259
280
264
315
212
274
310
200
253
238
243
277
285
287
271
248
256
265
310
254
282
239
243
277
290
261
236
269
329
245
242
283
293
276
301
274
301
240
273
256
241
297
271
262
313
245
246
278
299
236
233
273
278
255
285
213
274
295
314
242
317
255
295
232
303
273
281
258
235
282
246
261
295
248
269
333
240
221
247
271
266
263
301
253
212
300
292
236
292
253
250
289
265
266
297
273
267
261
299
263
315
308
306
303
263
341
267
260
275
310
331
281
283
290
256
255
246
274
253
252
255
246
286
295
260
273
283
327
252
303
256
246
264
302
280
323
300
357
317
261
263
266
267
290
309
262
260
300
303
285
262
276
271
234
271
246
268
267
286
293
217
250
267
312
278
262
248
270
233
275
286
276
283
265
258
230
282
292
269
290
273
281
228
302
259
222
285
246
290
261
274
253
251
250
287
205
252
272
299
276
293
252
285
279
268
279
288
275
274
259
320
256
263
299
256
289
254
282
247
259
290
260
285
213
209
256
216
285
262
255
244
218
306
319
291
280
230
279
249
264
270
272
242
288
256
285
319
256
294
236
289
272
270
276
257
266
299
277
273
266
277
256
253
259
293
237
269
208
260
295
326
280
299
242
276
255
255
263
297
281
251
270
243
276
257
250
277
310
258
263
269
237
290
286
278
298
254
265
307
282
286
274
245
280
212
267
277
251
257
298
231
267
226
240
246
299
304
279
265
271
282
274
262
213
294
230
262
265
255
294
242
236
313
267
323
233
248
244
284
287
261
283
247
266
271
307
226
261
310
266
254
251
273
282
271
274
296
263
253
250
303
290
269
256
239
276
265
238
311
254
273
220
272
253
231
253
269
298
234
245
273
218
278
222
210
261
239
255
271
256
271
236
251
263
289
252
286
254
291
266
272
278
230
289
233
269
275
266
266
213
237
251
208
217
262
244
271
243
269
282
240
251
252
250
227
276
249
282
235
251
274
259
245
260
318
264
247
277
258
292
308
222
229
269
253
257
245
282
258
257
221
220
248
252
243
245
251
287
265
247
231
263
250
282
281
251
315
249
251
253
303
303
297
299
269
241
236
265
236
257
263
282
239
234
268
231
284
271
268
276
217
264
252
271
237
219
248
271
269
249
246
254
270
282
267
283
274
274
235
257
286
247
244
239
268
251
265
254
279
227
233
268
337
251
288
286
280
225
303
233
239
257
279
270
263
279
257
263
272
279
266
288
245
262
278
229
271
289
290
309
264
271
276
258
240
229
224
313
265
291
258
270
295
284
293
265
232
297
274
257
306
227
222
256
288
239
266
256
298
222
291
260
268
260
317
197
279
269
266
258
321
267
241
247
282
325
274
310
293
254
226
250
254
298
272
298
253
275
279
317
278
337
271
288
271
284
283
283
284
265
297
275
279
285
286
282
304
262
331
247
307
319
270
258
257
332
294
276
294
291
259
284
259
253
260
230
279
302
258
288
270
261
308
307
270
249
277
295
283
257
276
241
259
262
306
274
302
267
262
279
325
289
284
280
270
238
277
257
313
284
248
303
292
265
300
278
267
282
277
309
283
266
234
272
259
297
262
257
252
277
303
230
294
252
261
294
272
274
265
280
273
309
282
291
235
247
288
221
305
256
274
341
274
288
265
293
240
244
280
230
326
269
245
287
287
228
308
290
318
250
263
314
255
221
258
286
266
299
248
250
283
267
228
272
291
247
290
250
273
236
256
270
303
288
215
241
272
290
283
287
232
269
253
275
302
284
302
245
268
278
298
316
286
286
294
244
236
232
240
286
243
235
292
271
263
311
252
266
267
276
274
320
256
288
279
247
248
322
285
278
310
273
327
275
255
286
289
341
226
281
316
257
248
263
271
267
282
227
266
266
273
312
272
248
267
234
286
268
237
283
298
212
312
286
279
274
258
253
273
283
250
250
298
259
299
297
202
308
278
235
296
276
254
295
338
269
261
246
246
235
281
283
234
267
284
284
306
282
292
319
307
276
312
265
232
267
277
226
308
266
274
262
253
240
286
270
259
287
323
270
258
261
292
302
303
310
237
283
235
336
265
237
275
267
230
260
241
265
305
269
258
262
231
240
279
241
263
339
285
242
246
236
285
236
307
255
268
248
273
298
228
264
280
243
255
295
267
327
280
269
253
260
278
305
238
302
349
264
284
275
261
254
258
223
287
261
264
278
294
294
299
266
303
280
277
293
264
291
249
277
321
277
276
261
328
253
272
288
244
288
293
262
306
300
291
284
300
247
267
316
276
284
235
258
339
295
295
310
261
287
247
222
219
289
274
273
287
301
264
297
258
251
269
292
285
305
301
243
260
271
246
279
228
274
204
314
253
346
215
286
269
250
227
271
280
248
275
243
282
294
310
266
260
287
272
260
287
227
274
284
296
226
226
258
291
263
299
311
285
241
238
273
288
308
327
279
241
295
258
254
276
281
235
278
287
247
271
303
257
260
250
319
269
266
280
284
281
361
257
273
270
280
287
269
258
308
268
273
305
283
238
213
256
245
209
307
258
296
258
281
280
316
283
265
255
230
264
249
267
306
253
288
267
274
258
306
236
308
241
290
261
255
282
310
282
303
261
237
277
217
266
284
241
263
264
316
271
287
282
273
267
262
256
260
299
276
280
268
210
227
247
309
265
222
312
291
284
240
296
239
339
216
279
251
273
279
291
277
290
254
238
251
284
236
282
239
262
284
272
298
269
309
235
259
316
271
287
263
252
273
292
285
273
294
277
271
292
278
274
250
324
321
250
255
253
268
255
298
242
246
232
257
285
294
248
305
223
277
260
272
262
248
265
276
260
256
281
251
212
259
258
280
283
259
296
234
305
324
276
268
279
288
274
263
250
303
296
272
267
266
256
333
276
287
270
320
258
253
250
305
242
271
256
287
262
285
250
287
287
222
263
255
330
261
290
269
298
235
278
298
283
305
253
278
269
309
290
249
257
276
244
255
288
330
297
269
263
262
258
292
312
269
232
301
269
291
251
239
291
286
315
285
256
281
293
244
296
302
244
315
245
292
279
263
251
309
289
244
294
285
249
249
336
239
268
298
316
317
275
258
299
292
257
279
294
217
280
251
219
189
261
234
240
306
275
292
290
311
292
245
268
291
304
288
217
272
222
304
244
318
225
254
260
283
307
277
300
318
296
274
272
270
287
279
296
339
294
271
311
258
296
229
291
261
300
255
289
263
292
274
270
285
315
255
262
264
239
284
259
281
288
283
273
287
278
246
313
240
249
273
269
242
297
292
291
267
267
277
283
255
278
270
309
248
257
341
305
258
246
294
284
267
281
288
332
313
273
258
287
258
301
257
274
284
248
250
294
273
255
275
237
266
269
245
242
272
312
276
295
265
282
283
308
283
260
250
272
316
271
208
241
262
277
272
253
343
281
292
265
276
326
269
232
286
261
261
250
301
277
290
283
271
251
276
335
278
325
299
282
268
277
304
290
235
274
294
243
294
285
336
270
286
327
352
279
252
252
245
244
252
247
272
260
261
298
290
312
257
294
285
297
277
283
298
304
245
321
269
239
267
276
287
250
249
298
268
273
281
284
266
269
305
232
323
300
227
302
283
294
291
312
266
258
256
312
293
256
269
331
299
280
327
286
272
256
236
276
278
264
265
324
236
288
283
264
253
281
260
243
268
297
295
288
284
283
308
221
278
223
282
294
245
268
310
332
279
293
307
254
283
276
269
253
256
275
304
246
259
241
281
253
231
263
261
251
307
272
268
278
256
210
272
302
261
258
302
292
258
341
251
264
287
265
232
249
299
266
285
298
270
297
265
287
294
291
316
234
281
279
289
274
247
285
267
232
257
304
247
273
250
285
300
274
284
321
236
287
268
269
261
256
271
329
269
242
309
299
311
290
236
354
283
296
286
283
288
322
277
228
278
260
262
273
240
304
258
322
262
334
310
306
269
276
246
262
239
326
291
279
230
209
248
319
287
276
304
232
282
271
278
299
291
282
190
286
274
241
341
294
299
293
236
255
215
280
277
302
295
289
297
291
270
282
259
241
262
278
256
270
301
258
302
279
282
275
275
265
264
252
267
269
274
287
220
207
273
265
236
244
296
303
287
299
259
264
298
237
297
285
250
290
259
271
308
262
281
285
321
298
277
322
242
308
283
278
241
298
280
251
304
300
255
250
316
234
287
261
292
272
292
250
272
304
283
267
256
236
295
266
271
312
248
255
347
258
263
293
248
284
242
278
300
300
302
272
304
300
262
289
245
289
281
252
292
296
266
256
284
271
281
251
266
244
256
294
257
304
279
262
245
335
263
312
305
268
266
232
277
268
240
280
303
239
283
304
336
261
239
303
275
242
284
266
226
295
275
293
283
260
295
281
275
254
303
248
271
321
291
308
242
278
280
273
294
307
295
260
288
297
284
253
288
267
262
270
320
244
289
279
265
287
296
323
303
288
249
287
298
293
265
278
290
350
265
274
243
256
274
207
261
256
258
247
304
277
228
291
251
283
288
257
257
245
308
256
301
307
285
276
291
282
298
241
250
251
227
286
266
289
248
282
281
241
238
303
242
292
284
287
311
295
263
270
288
245
241
294
261
266
312
284
302
266
305
266
292
261
264
254
249
225
249
279
276
236
277
238
266
300
260
250
288
290
251
278
299
277
274
263
260
286
244
278
228
263
272
245
238
291
313
243
276
256
274
236
320
280
282
312
280
257
287
257
211
283
227
270
281
210
294
266
269
275
284
245
269
268
260
257
253
244
255
265
240
314
269
244
269
251
280
242
287
248
248
297
262
260
250
255
242
291
224
230
271
254
274
267
291
241
275
263
253
246
209
252
263
223
272
235
229
217
268
280
274
269
242
279
278
244
254
267
240
224
225
262
257
238
269
203
255
222
276
251
256
296
235
276
266
281
234
269
272
279
261
240
281
221
296
316
262
290
244
262
267
266
263
300
275
291
234
268
289
265
212
222
291
213
294
247
245
211
272
283
251
309
262
225
256
273
216
231
253
277
262
229
262
263
249
284
234
277
260
288
278
256
237
279
250
285
267
241
227
245
279
281
257
220
244
233
222
251
222
276
296
215
282
261
291
253
296
234
261
201
257
234
305
253
221
218
243
251
217
271
239
233
259
266
225
280
272
300
312
279
227
322
289
262
269
265
267
225
237
253
257
321
220
294
232
234
249
240
302
307
284
286
258
268
239
245
269
249
257
266
285
260
259
241
268
255
266
248
278
270
314
270
264
256
277
277
238
291
298
283
284
255
338
263
327
254
251
268
251
259
302
272
225
274
280
271
214
283
287
284
281
276
289
292
262
273
246
290
258
268
284
263
300
244
258
261
286
262
239
247
231
254
273
270
268
242
300
312
238
239
292
250
278
285
261
222
234
303
280
230
262
232
301
302
258
301
279
261
296
271
242
302
329
262
285
276
318
253
225
255
248
246
285
247
260
271
288
294
256
261
267
259
288
278
268
251
298
323
271
291
301
296
302
297
267
284
249
299
272
296
296
288
285
263
257
235
263
253
243
259
269
285
298
266
263
259
304
280
281
275
287
265
282
295
297
269
297
271
224
307
258
269
259
264
281
300
234
234
297
282
298
276
288
248
332
230
289
263
267
295
217
301
247
282
289
287
250
300
273
292
334
307
254
268
292
232
259
244
259
278
300
297
264
280
271
279
266
279
270
261
284
246
291
284
278
295
261
268
293
272
287
275
322
331
325
263
264
268
304
245
313
276
229
257
277
309
280
219
252
237
300
265
296
271
268
287
233
277
337
249
260
276
291
271
213
296
315
242
243
322
259
253
280
302
284
274
281
293
294
242
257
261
275
282
282
290
303
279
305
236
217
283
254
262
278
315
293
291
229
320
292
243
284
312
251
316
240
282
282
307
297
279
248
252
281
275
284
257
299
318
263
295
293
234
329
272
271
275
251
332
285
296
307
281
280
262
231
310
257
305
262
310
299
257
295
276
288
270
292
268
281
255
302
274
253
301
259
306
245
281
303
312
271
264
288
270
295
273
281
273
293
271
288
265
252
225
294
259
270
225
282
235
263
246
233
304
276
297
267
257
247
275
280
309
284
295
295
323
292
315
264
295
264
280
282
286
289
270
322
303
287
273
229
277
271
302
309
287
297
271
261
270
294
280
284
343
263
276
254
311
281
282
292
277
244
282
252
268
316
238
277
300
280
318
257
287
289
294
286
234
284
250
273
271
247
229
279
253
322
326
275
284
303
283
281
237
300
277
262
247
268
241
268
272
282
267
268
293
279
227
279
286
263
218
303
301
259
247
265
298
290
320
308
237
234
282
288
259
249
270
256
260
257
285
247
320
261
281
254
318
296
264
288
276
264
290
277
295
273
304
266
258
280
256
261
293
272
286
257
286
291
279
264
248
295
239
261
281
281
265
273
279
267
269
318
259
265
278
261
259
285
327
308
269
252
285
242
299
266
269
255
263
256
290
274
251
252
241
258
262
305
259
230
261
302
224
247
242
270
251
309
256
259
263
267
275
279
267
258
254
267
291
288
268
301
302
295
281
282
301
249
300
276
307
287
270
264
314
313
284
262
273
206
218
259
306
276
287
331
284
277
268
297
280
258
238
264
288
282
297
239
247
272
286
244
330
277
311
270
277
267
293
290
245
271
304
302
258
281
263
267
227
321
267
279
261
250
218
248
283
307
241
305
255
276
281
273
262
298
222
225
245
271
235
331
306
280
288
269
243
250
249
239
289
296
271
285
274
252
293
264
309
268
305
248
294
264
301
296
269
324
264
243
248
236
215
285
295
260
250
258
225
268
258
252
255
253
258
269
270
252
255
216
262
265
246
284
269
296
277
258
247
254
241
277
228
228
305
281
260
272
266
273
222
262
281
256
298
246
241
278
256
277
260
280
285
285
264
228
256
264
263
287
264
262
316
275
233
279
256
272
274
257
302
282
310
307
261
280
282
242
241
295
247
301
273
223
242
254
212
270
232
288
306
230
271
307
233
291
240
251
299
295
327
308
268
269
290
294
292
298
246
265
286
237
330
244
307
295
300
288
282
281
286
324
271
249
262
246
255
295
310
301
288
272
248
264
259
277
258
280
220
280
305
257
321
298
235
267
308
310
230
309
287
284
311
295
281
307
275
258
242
275
251
276
282
270
262
276
276
239
254
279
269
274
301
314
248
286
272
305
280
352
303
346
324
265
285
318
246
288
309
305
294
299
294
307
229
291
283
242
263
298
269
259
256
245
277
272
272
254
245
256
258
254
258
233
302
256
228
262
276
229
267
295
307
305
270
243
273
261
248
262
277
311
289
282
297
266
229
307
266
278
289
260
269
301
296
241
257
277
247
281
276
254
287
270
260
286
279
266
283
287
294
232
298
242
332
307
263
288
279
283
250
283
254
261
257
283
270
294
260
296
285
307
333
319
231
241
260
257
231
253
262
289
279
268
262
290
278
252
254
255
289
269
305
299
251
304
277
262
235
264
296
257
296
262
300
294
248
254
335
218
277
252
249
264
261
286
294
264
279
260
265
293
298
286
246
298
284
249
255
285
282
273
288
270
248
272
276
283
264
270
263
265
285
262
291
276
