244
235
45
152
58
36
50
42
41
42
234
50
58
50
41
50
42
155
44
235
36
42
61
146
62
130
157
223
134
146
36
40
152
54
146
190
38
38
50
99
155
282
41
1050
36
37
591
198
1212
1140
50
43
45
591
41
36
1033
37
44
42
37
49
37
50
58
58
45
1141
36
36
50
37
1090
37
36
37
50
1141
379
1036
932
1050
541
44
1140
58
36
1036
1141
44
37
591
1050
36
504
50
41
45
37
42
1140
36
1052
41
586
1140
1050
42
50
1052
50
37
50
44
640
1140
44
643
50
36
1141
245
1140
1050
49
58
42
36
1036
1021
50
840
640
42
37
362
1141
1030
1141
42
1140
45
41
1090
1090
50
591
641
58
58
591
38
37
50
1061
1050
591
591
1141
1050
38
1050
50
640
44
1060
676
591
57
45
1030
1140
1141
1050
47
1610
315
1690
1691
306
416
380
353
279
279
1780
353
1691
234
217
279
1690
1780
261
315
432
279
243
281
306
306
1780
281
315
677
1691
281
216
281
338
272
342
545
371
344
353
216
987
1780
243
335
299
338
279
1810
245
216
1691
334
1658
210
273
187
407
47
407
47
47
47
407
407
407
407
27
47
47
27
47
27
47
407
47
47
1620
180
1710
1672
1188
123
1780
1632
1503
1619
1644
1780
243
1780
1302
387
1644
1780
351
460
1780
1592
756
1780
1503
1780
270
1780
1206
1638
243
459
279
1503
306
1780
1206
1503
1626
351
1780
1625
1780
243
1620
1780
1631
1631
1206
1780
1592
1780
1780
1618
1780
1780
1287
1780
1503
1638
1224
1638
315
1503
279
1780
1780
1780
1780
1644
1179
315
243
243
342
270
459
243
243
1503
270
243
598
1999
1999
181
9
181
200
1980
180
1980
180
1980
181
9
1731
1789
99
1779
1852
90
1626
1626
180
1790
90
90
1790
90
90
174
99
180
90
635
1790
180
180
99
200
1626
180
99
1619
1790
1155
253
234
839
597
9
1405
9
9
352
20
220
20
342
220
398
399
375
399
20
11
20
220
286
190
398
66
218
47
220
1449
80
220
220
380
171
63
58
380
199
398
189
398
251
45
58
218
66
398
218
202
380
398
42
378
1382
20
1589
1569
1580
39
39
1798
157
1542
65
1371
1542
39
31
31
31
39
29
31
911
840
830
840
840
20
299
580
33
491
491
90
102
90
540
580
114
491
580
90
102
490
90
345
117
580
144
491
491
540
258
574
153
90
580
580
90
117
580
75
81
580
75
490
292
580
302
580
490
490
117
75
580
114
114
99
528
537
491
75
580
490
396
580
540
114
580
580
491
540
102
90
580
677
1182
114
1271
114
1271
1271
1251
839
1181
1271
1271
102
839
763
790
903
509
114
510
790
129
111
123
138
499
150
790
790
144
129
141
138
790
123
707
566
177
111
556
3502
789
129
790
556
108
501
165
5934
566
5934
132
790
789
171
5934
285
114
930
566
129
566
189
135
556
5934
566
499
5934
556
512
213
171
3503
403
75
132
102
5912
5912
5912
5823
5351
5822
871
5912
871
5912
5822
5912
120
5912
75
114
5822
75
1527
114
5351
3223
5823
120
117
428
445
33
612
472
33
472
26
27
482
479
26
512
33
65
708
26
33
395
33
33
39
456
428
33
309
1157
657
1135
33
71
49
39
563
1189
33
33
401
640
33
33
340
26
847
640
303
444
47
297
26
428
33
47
45
81
68
26
68
33
45
455
33
68
47
33
484
45
26
428
68
456
455
45
96
39
301
45
39
47
68
388
26
33
428
49
68
68
428
91
43
33
45
26
68
68
416
33
33
45
49
33
37
39
35
428
428
49
456
428
428
26
28
47
844
47
49
26
39
26
39
39
39
33
26
428
49
416
33
444
1500
33
68
68
39
428
49
33
26
428
26
428
255
428
179
33
500
39
33
68
540
428
49
68
39
883
482
49
39
500
47
68
49
33
309
49
35
455
388
33
1340
49
68
49
428
68
47
68
428
39
33
39
68
45
26
49
33
33
45
68
48
49
49
33
68
428
428
68
428
49
49
725
49
49
388
428
428
26
428
388
68
47
428
3496
442
428
600
3445
45
33
33
428
428
35
428
49
39
55
3468
2320
255
428
3468
213
49
49
3417
428
305
49
3468
3468
428
428
2283
2320
69
49
428
305
413
428
68
33
428
68
428
428
388
920
33
388
49
49
47
388
388
428
428
49
49
68
416
455
68
428
441
528
39
528
511
568
68
416
47
428
456
39
456
59
68
416
49
49
456
428
68
49
45
416
369
273
455
49
33
68
428
455
33
416
49
39
68
68
428
428
49
45
49
1882
31
1599
30
30
30
30
1826
158
30
30
1482
602
1712
30
1846
30
30
1827
1713
1845
30
1776
1846
30
1713
30
30
1484
41
472
853
90
1489
35
1518
31
853
1517
190
79
35
39
2043
1599
8
1580
825
1519
1580
1236
1507
1168
808
1516
928
808
268
1574
1462
660
872
1510
1520
1599
324
1460
1576
404
324
436
260
548
1501
956
1499
420
1510
872
420
412
1501
548
1492
347
1361
278
65
605
35
35
605
667
545
605
605
35
65
35
65
656
65
605
65
35
593
65
605
605
605
656
1520
397
853
1510
428
1585
276
38
85
38
605
1180
65
1078
65
65
38
85
240
666
605
605
65
127
201
605
65
65
109
1242
403
1491
453
223
271
247
389
1397
317
1310
397
823
160
80
1411
1420
160
84
160
1405
160
80
80
84
160
1420
870
1992
1915
8
3393
8
8
1305
1440
80
80
88
1410
1420
1599
1159
516
8
1524
8
1592
808
808
1118
548
1599
1590
1509
332
1388
1501
1599
1592
1588
1510
1501
548
1599
1510
332
1509
1589
1501
808
1590
1599
1501
808
1592
404
1588
404
1599
1520
1510
1504
956
1501
404
548
1501
1501
1504
1590
1509
1588
814
336
1589
808
1499
1509
268
808
1592
388
1592
436
1598
808
420
1509
1584
1501
404
1510
372
548
1501
1501
1520
1510
380
808
808
808
1592
1599
1818
1082
1420
1440
8
3240
1420
1440
160
1420
1440
1404
1592
880
880
300
880
872
360
981
2192
548
956
1590
1710
1755
356
1510
1799
1501
1509
444
1499
1778
1698
388
909
462
1799
1511
1008
548
1501
1509
956
388
1072
1712
1501
992
404
380
1792
436
1590
1080
388
428
1590
1258
1492
99
1499
1792
1072
992
1799
384
1589
1799
1499
1589
1791
1792
1791
1791
516
992
308
340
436
336
981
1590
1510
1492
1509
1008
1510
1501
1701
340
1799
1072
1799
1072
1492
1720
1509
548
1228
1510
1799
1509
1799
1492
2328
1763
1510
324
1080
548
1791
372
1501
420
1501
1589
1799
990
1499
1589
1510
1510
1799
1080
1799
1080
1008
1228
1701
1778
1510
1799
1509
1791
1509
1000
1792
1509
1080
388
1510
1590
1492
1008
592
1499
990
1792
1799
1492
1492
388
1712
1796
420
1057
1799
1510
1510
436
909
1791
990
1688
436
1072
1799
1778
1782
1510
1510
1778
1590
1492
1509
1778
1799
2169
1791
1589
1510
380
1076
1008
1510
1755
1779
1712
1792
990
1510
981
1000
1590
1710
1698
1589
1509
1520
1799
1589
1778
1499
1590
1589
1525
909
588
1008
1072
548
340
1799
324
548
1710
1499
1510
1501
1751
268
1492
1509
1492
436
1589
1792
1798
340
1510
1799
1072
1589
1145
160
160
1420
2020
160
80
2020
1410
88
1411
2020
194
160
2020
488
469
1411
1420
160
1410
1420
469
160
1719
160
1420
2020
1820
160
1420
580
1420
469
2040
1410
99
1719
1420
1420
1420
1420
2020
180
1420
2020
1411
338
2020
88
338
3084
1420
394
1420
393
325
1420
160
180
2020
1411
380
182
160
2010
160
1710
1503
288
1620
160
95
160
360
88
360
1620
1411
1620
1620
160
1420
80
1620
1620
315
1402
192
208
8
1601
1620
360
900
1402
8
8
1440
180
8
8
1791
416
324
1799
927
1072
1509
1070
1799
981
807
1661
388
1509
1799
1492
1587
436
1492
1799
436
1499
1590
909
548
1501
1499
436
1712
1510
372
1501
1501
1008
1501
990
340
372
1501
909
436
548
420
324
380
436
268
1499
1510
268
1008
1510
420
1501
268
909
260
1509
909
268
340
340
292
324
388
380
340
1589
324
1509
1701
1499
1008
340
1634
909
340
909
340
340
1510
1501
388
340
992
340
909
909
420
404
324
340
909
909
992
1041
324
340
372
308
260
420
1499
909
420
1590
1492
340
340
448
280
300
324
1490
956
1490
324
1580
218
376
1580
280
1571
901
1476
324
484
1580
2000
460
320
931
1509
792
348
1712
548
808
340
404
992
909
1590
388
356
1008
436
968
931
1228
1510
1799
340
448
905
905
956
1491
1480
284
324
968
1480
1715
1491
324
480
901
1360
300
1480
1571
996
914
324
956
308
1480
1571
1416
905
332
324
320
1780
956
236
914
409
804
804
84
84
44
1629
1701
548
1499
1590
1072
1510
1799
1589
420
416
420
1080
956
372
981
324
420
340
981
909
476
436
1589
992
808
324
404
1008
1510
372
1589
436
324
1028
1509
436
436
308
1799
1072
340
1799
981
324
1328
1791
1781
909
909
420
756
548
260
372
324
1589
1792
364
1499
1501
909
909
1510
1080
548
324
372
1792
1791
436
832
324
416
324
268
436
548
1509
1501
1072
909
909
340
876
1510
981
548
404
1501
1510
420
373
992
1509
1589
1791
260
324
992
1008
876
1080
436
1265
1008
388
1501
548
260
324
1510
992
1501
1328
268
1509
416
548
420
1501
436
548
1008
927
340
1501
891
548
1501
404
1501
324
1712
1799
1712
404
1750
404
1510
340
1008
909
909
909
889
1509
548
1499
909
1499
372
260
260
1080
1510
1008
340
1510
1589
436
372
340
340
1501
1072
1499
901
1501
909
548
404
420
436
1501
285
420
548
956
1509
909
436
380
1501
260
1501
981
1792
1501
1499
268
1510
1064
909
909
372
1196
1501
436
1669
436
1510
380
956
372
548
1499
909
1510
372
1792
1589
1499
1589
1792
348
548
1593
1503
909
548
372
1792
992
372
292
436
388
404
404
1509
372
388
1492
1589
324
1008
1797
1799
876
1501
909
340
332
324
1510
1710
1701
1501
324
1792
396
420
1710
1558
780
909
1710
276
981
324
1503
548
1579
1799
1782
436
1791
1501
1510
1501
1791
1791
358
1465
1397
453
1356
403
1580
1799
271
223
277
65
38
38
741
65
609
820
35
705
35
65
188
110
65
65
65
593
188
1755
308
1060
1509
1510
436
1501
1499
1499
1799
1501
260
340
956
1510
1510
909
1590
901
1589
324
956
348
332
324
956
909
324
380
380
1720
909
1510
1590
1412
1492
1590
909
420
388
340
436
1499
469
3112
268
388
404
1509
340
992
436
340
1
42
172
228
33
211
1
218
202
72
3119
50
202
58
45
37
101
301
101
198
45
220
11
257
257
108
186
1854
101
1845
101
101
41
891
49
3291
45
1287
58
2732
142
2766
2817
31
2836
2765
35
2785
2765
2834
2817
2836
2836
2836
39
1142
39
2765
39
2834
2835
142
2817
2817
39
112
2143
39
35
2836
39
2765
31
26
2448
39
154
154
53
2817
2836
39
2766
441
2902
185
2653
2973
147
2973
1848
100
100
3062
3062
2962
1466
20
27
1098
2790
204
20
789
10
20
2902
2902
29
1098
2902
10
10
1098
1080
2782
20
22
27
1080
2790
40
20
29
20
1358
1098
1358
11
40
1358
10
40
20
29
1077
29
40
33
40
29
1421
20
10
34
20
821
34
20
11
1473
842
822
1593
227
821
137
10
411
1093
20
11
972
20
31
830
1207
50
1496
1496
1594
1172
1489
49
1489
818
44
1207
288
1456
49
109
116
1510
808
1433
59
1168
174
1585
50
50
1492
1585
1168
1194
2677
40
20
29
5700
37
45
5899
5990
50
3270
41
5899
45
49
379
3030
5909
3300
45
174
45
5999
278
50
3300
50
49
5970
58
50
49
3007
5832
41
241
62
75
50
50
44
36
1194
1160
70
224
50
58
58
715
50
58
1076
5647
5832
5647
58
3578
37
5832
3162
867
5944
50
50
45
1197
50
5832
37
5944
3007
50
44
58
5832
5953
267
3162
5953
42
1197
5953
50
58
251
45
5864
50
45
44
41
58
3007
58
36
5779
45
2947
50
251
47
41
50
3132
49
1197
5864
36
5853
5855
5647
251
174
176
93
1168
3092
5953
50
1168
174
36
174
44
50
36
1228
5953
50
58
49
99
42
5953
3030
3416
43
36
51
1899
5899
3416
45
251
45
1899
3358
105
3358
2101
2015
52
44
3358
5990
5989
5924
5871
44
5670
1528
50
3358
174
1272
44
47
5924
46
101
924
45
1168
1160
124
44
1160
45
3744
42
3042
41
2099
3030
5999
5990
42
5901
3300
44
3744
5670
3030
925
45
45
5901
45
2099
177
50
55
5884
44
5899
4428
41
1901
45
5899
5899
5970
49
49
2970
1168
1899
3716
5700
5909
5989
49
2085
44
5990
50
58
624
49
42
3030
36
5670
3030
420
2099
5940
3030
3298
5989
36
50
5940
37
37
45
45
3030
5899
50
5899
49
1467
5985
54
5763
1899
37
3120
154
45
5999
44
447
3030
3030
63
203
44
460
154
3027
106
3300
5885
58
5899
3358
180
1197
49
251
1219
50
241
3300
49
3446
3379
62
3791
37
5989
3313
915
1194
5752
5910
42
3368
49
92
5899
41
3030
5909
154
5901
37
5989
183
5910
2275
3030
58
44
5149
45
5962
50
1899
5992
3385
2099
3048
3030
251
3030
5899
5899
50
3316
2703
1296
2383
11
10
11
2356
3118
11
2362
10
10
2995
20
2387
1721
1613
2687
384
3118
45
384
3120
3035
58
2687
45
49
3157
44
82
2885
2696
1613
63
45
44
2687
3157
2843
62
50
3120
2696
2885
2885
46
1378
2696
50
50
58
2696
3035
3120
44
45
2696
45
2616
49
58
44
1613
95
3035
2616
49
2471
50
45
1839
2696
45
44
58
2616
50
3045
2626
3035
1636
1742
3045
3157
2626
2616
3035
44
835
1378
58
3157
1378
1870
2696
44
384
2687
384
2020
58
2190
2616
1757
47
2696
41
45
3035
44
58
3000
1733
3157
3157
50
49
1710
36
36
2616
45
59
58
50
45
2687
1407
49
45
2626
2859
1495
2626
3035
3120
2687
58
57
2439
1639
45
2885
2687
1365
58
45
58
384
36
45
2901
1613
1378
3157
2626
58
44
3035
2626
2626
3120
2616
50
1810
44
49
3157
45
49
2626
3120
36
2200
2616
3120
3120
58
3120
3035
1365
2626
1772
42
3035
82
101
50
2089
384
2626
49
49
49
2473
384
45
2626
2089
36
2616
36
77
1983
2089
1742
1331
58
1365
45
990
1983
50
2616
50
1757
2626
45
45
49
1613
3157
36
788
44
963
58
1378
3157
2626
3120
944
49
2885
3157
1266
2616
2626
45
3120
2626
3157
49
45
56
2626
2626
2616
384
2370
2696
3035
50
2626
1983
2114
82
42
36
45
44
50
44
45
963
3120
3157
50
50
45
45
56
36
2138
3157
49
50
42
1378
3157
2626
1378
384
36
82
3157
2089
2616
44
2696
3056
384
2089
2859
50
1378
2968
1378
45
49
2089
45
44
2901
1378
58
963
2843
3035
3157
2650
49
1708
45
49
169
2658
41
37
49
44
2626
58
3035
1757
44
3157
2687
2696
2626
2696
50
3035
2626
1742
2687
2626
58
2624
50
45
3120
49
45
45
45
384
1871
2856
3157
2616
384
1983
42
1365
50
1368
44
2626
2616
3157
2616
2626
2188
3120
2983
1767
2616
3120
44
2901
3120
58
3157
3045
3120
51
3035
2687
44
2616
58
3045
2089
3120
2626
2655
44
2616
45
1710
2626
41
2140
1845
50
3045
3120
3157
3157
45
45
39
963
2616
45
1613
41
2616
3120
3035
45
1365
2901
2626
3045
2626
2901
1983
3120
1613
37
58
58
3035
3035
50
3120
44
2657
44
44
3157
2114
384
1757
50
3120
3120
44
50
3035
3120
3035
58
44
71
604
1404
37
1404
50
3120
857
2901
2656
42
1365
45
2901
3120
49
2951
37
36
1742
2843
1742
1613
3120
2901
50
58
384
384
286
2616
45
3157
49
2089
44
384
49
58
1378
2626
2616
45
2616
2626
2616
3120
3120
2626
2089
3035
49
2616
2030
2901
44
3120
113
58
58
44
1375
2626
3120
2626
58
3116
3120
49
2616
37
3035
76
45
2626
2592
1613
3120
1983
37
49
50
44
1699
45
45
1365
3035
58
44
2616
2687
2616
1762
1999
100
200
110
100
255
1990
255
110
110
1814
1823
200
1814
255
200
1813
1990
110
110
150
1990
100
100
1990
250
1999
100
1823
200
79
1999
1813
200
1823
255
1990
157
1890
1119
271
1651
498
227
514
1654
389
1302
1814
1818
271
734
341
265
686
734
1658
281
1827
1242
270
1813
269
1181
210
1720
1720
1284
10
1744
1744
10
1266
1709
1463
1463
1744
1744
10
880
1744
1709
1744
1744
76
1264
1720
1744
1744
1379
76
10
364
1203
1744
1896
10
117
10
1463
10
10
1744
1744
1709
1141
1744
1434
184
10
1709
10
1674
10
1434
1284
1264
1744
1744
3119
1744
80
10
1141
1709
1548
1171
1744
1744
1744
10
10
1744
10
1744
1264
1744
1284
1639
1463
10
1744
1284
10
1709
1744
129
1264
10
1744
1284
1463
78
1284
1709
1744
1744
77
10
1744
1709
1744
10
10
10
1284
1744
10
1709
1744
10
1284
1284
1284
1744
1744
1284
196
10
80
325
10
10
1639
1604
10
1744
47
1639
1744
10
10
1434
10
1744
1604
1744
10
1720
1709
1744
1744
1744
1744
80
75
401
1744
10
80
2293
1264
910
1720
401
1744
1379
1709
1744
1709
1744
109
80
1744
1744
80
10
1264
574
1744
79
1130
1744
10
1284
1709
1284
1601
1744
10
1141
10
1305
1744
10
10
1284
10
77
1434
1744
10
139
1379
1430
1305
1744
1744
10
1744
76
10
1264
1639
1744
1264
1463
10
1744
1264
1463
1744
1490
309
1744
1434
1744
76
10
1291
1284
1744
1463
10
1264
1744
1709
1896
1173
1284
1744
1744
10
1346
46
1421
1744
1264
1284
1291
1284
80
10
1284
1744
1744
1284
10
76
1379
1264
1720
80
1709
10
1236
10
1804
10
1744
1744
1463
1744
10
1744
1434
1284
1709
1709
1219
10
1264
1434
79
1744
1284
10
1264
325
1639
1332
1434
1434
1744
1284
1720
1720
1714
10
1744
1500
78
1434
375
1150
1434
10
76
1709
1284
1284
10
1434
1460
10
1709
10
10
10
1463
10
375
1744
2198
10
1434
1709
1284
1744
1744
79
1744
1264
1463
1434
1434
1896
49
1264
10
10
1498
1463
10
329
1744
10
1270
1744
80
76
190
1674
1744
10
375
1251
1744
1285
586
80
10
309
1284
1434
1291
1639
10
1264
10
1744
10
127
1284
1744
1744
1744
401
1291
10
1264
1434
1463
1284
1284
1284
1744
1709
1264
1173
10
1720
1744
1709
1264
1291
1744
1744
10
10
10
1896
1744
1444
1744
10
80
1744
10
1744
1744
10
1744
1896
1896
1896
1744
116
1284
1744
1284
1744
10
1639
1709
1744
190
401
1744
10
1744
10
1709
10
10
1744
1744
300
10
1284
1407
10
79
10
1604
1744
1264
1744
1434
10
1463
1744
10
1744
10
10
10
10
10
1744
10
1744
474
1744
10
1520
1709
10
1284
10
1744
1744
832
10
1284
10
1744
1744
80
1744
543
1744
1604
309
1150
1709
1744
1284
76
1305
1744
1744
1636
1264
1351
10
10
10
10
1744
1744
52
1744
1357
1744
377
401
1284
10
1284
10
1463
10
10
10
1150
1284
1744
10
1291
1709
10
1674
1264
10
76
1709
1284
1284
10
10
1434
1896
1283
309
10
1744
1720
1744
1744
76
1464
10
1744
49
10
1284
1744
1284
1284
1600
10
10
1709
1709
10
10
375
2381
117
1709
10
78
1284
1744
10
1518
1434
1709
76
1744
1744
1434
10
1264
1284
1709
10
10
10
1744
1284
1434
1364
1455
1744
48
80
10
1284
10
3354
1744
10
1284
1744
1434
1744
10
10
1284
1291
1404
184
10
1284
1284
1744
48
1744
1744
10
1744
1264
1744
1142
1284
1744
1744
1284
115
327
1744
76
1264
1744
10
1126
1173
1434
1744
10
1744
1744
1744
10
1744
1744
1744
1409
1720
10
1264
1648
1744
1364
1896
1709
10
78
313
1636
1709
1463
10
1264
1284
10
1744
10
1709
10
1264
1255
10
2130
10
1330
1709
1284
10
77
1744
10
1390
1594
1744
1305
76
10
76
10
500
10
1744
1284
1404
1744
79
10
1284
1434
1744
1434
1272
10
1744
10
1896
1744
115
1744
1142
1720
1744
1709
1744
10
1463
10
1720
10
76
1744
1441
10
10
10
10
10
46
1336
1744
677
1284
1744
10
10
74
10
1744
1639
1744
10
1744
401
1744
1452
1896
1284
137
1434
1744
10
1203
1709
10
79
49
10
10
1744
10
75
1744
10
49
1463
1744
1744
76
1264
1744
1278
10
1304
315
10
78
1434
10
1744
1674
1744
1744
10
1284
1379
1434
10
1744
375
1744
1709
1264
1379
1434
1284
10
1404
10
904
568
1379
1284
1709
143
574
1434
1264
10
1744
10
1434
10
1744
1601
10
10
2381
10
1639
1107
273
1472
1284
460
1709
10
1345
1284
1239
1284
1709
10
67
1744
1744
1744
1284
10
1284
1744
1896
1264
1709
1744
1364
1284
1744
10
1720
1636
10
10
1744
10
80
1744
1463
2392
1463
10
10
574
1264
10
1709
385
10
10
1434
1284
1434
1744
10
1388
1896
309
970
1434
1284
1264
1709
1720
79
1379
1284
10
1434
1744
1434
1284
10
1284
1744
10
10
10
1548
1744
1284
1709
1720
10
1744
1284
1434
10
1744
1284
10
1744
10
1744
1744
1284
1160
1744
1744
10
1709
1434
1744
1434
10
1709
1284
1264
1636
1709
10
1207
1744
1284
401
10
1408
1305
1272
1744
1709
1463
10
1264
1284
1284
401
1284
10
10
116
1284
1463
1896
1744
1744
1604
115
10
10
1463
1744
1744
10
1744
10
1744
1284
10
1720
10
10
10
46
1744
574
1744
1720
1744
1636
1744
1434
76
1744
1463
10
78
1342
10
1264
10
111
1744
1720
1284
10
1284
10
1284
10
1284
1744
1744
10
1284
1744
10
1434
1364
1744
1744
375
10
1284
10
1284
10
10
80
309
1284
1744
10
1434
1720
706
1744
10
1744
1744
1379
1852
1264
1709
1502
1744
10
1709
1896
1284
1720
1744
10
184
10
136
401
10
1744
1709
1364
1744
401
75
10
10
1744
10
309
1744
1434
1221
1434
10
1744
1744
1284
1284
1709
1744
10
1463
1284
1744
1744
1463
10
10
46
79
1744
1744
10
76
79
1434
1264
10
1744
10
2381
1264
401
1284
231
10
10
1709
10
1744
1463
1463
1744
1284
1744
1744
1291
28
1896
79
79
10
1379
1744
1744
1284
1744
401
1364
10
1424
10
1709
1744
1284
1364
79
76
484
5825
309
74
401
10
1284
10
1744
1284
1284
1744
1744
1744
10
1709
1744
401
1744
10
1744
10
1264
80
10
10
1364
1744
10
1264
1278
1158
10
220
1744
10
145
1744
401
1434
10
10
1744
10
1639
10
1744
10
52
1744
1463
1744
1709
1744
1744
1709
2865
77
10
1744
1744
76
1463
1639
401
1284
10
1264
10
1727
1674
10
1709
1639
1744
1284
10
1744
1709
1434
1744
1744
1463
1646
1413
1744
1744
1284
1284
574
1744
1709
1284
10
49
10
1324
1744
1709
1720
1264
10
1744
1414
1358
401
401
401
10
1264
1744
1709
1744
10
10
1744
1744
1264
454
1744
10
10
1744
1498
1744
1744
10
49
1284
10
10
10
1744
74
1720
1744
1434
10
1709
1709
10
1744
1284
1744
109
1709
1709
1744
16
10
10
10
1291
77
1284
76
1284
79
10
1744
1744
136
1284
1264
1744
10
1744
10
1744
1284
375
10
10
1720
10
10
129
1284
1744
1896
1097
1709
1744
1264
1744
10
1744
1744
1463
1896
1744
1744
80
1117
1264
1744
1709
1744
1744
10
1744
10
1434
1709
401
10
1744
10
1284
1434
1379
10
1744
75
1720
1744
135
1709
1264
1264
10
1284
1744
1434
1284
1744
1284
1744
1444
1411
1639
10
10
1364
1364
1744
1150
10
280
10
1284
77
1467
1744
1709
49
1744
1744
10
1744
810
10
309
1804
10
1804
10
1804
1671
1341
10
2011
1684
2080
1939
1764
10
1804
2080
156
1671
1671
1684
2080
1671
149
10
2080
2080
1804
2011
920
1691
83
10
1684
1764
1671
1804
12
174
2080
177
11
1764
1804
1764
10
2080
489
2011
10
189
1624
2011
10
2040
2080
279
1624
10
2011
10
2080
10
2080
1624
243
11
10
12
1624
12
174
1684
1684
252
2080
282
1341
10
2028
282
2080
168
1684
1684
2011
1942
1764
2080
1671
1667
1671
10
1386
1671
2080
2011
10
1671
1671
1684
12
68
63
2080
2080
2011
1691
10
1684
10
1671
174
979
2080
10
10
12
10
10
282
10
1671
2080
10
2011
1764
10
1684
1684
2080
10
2080
2028
1684
10
2080
1804
252
1860
10
10
2080
64
1684
63
2028
2080
12
10
1671
2080
1671
2080
175
1671
2080
1624
10
1671
2080
10
1684
1671
10
10
2080
10
1804
1170
1667
1624
2080
2058
10
10
12
1667
10
1624
252
1671
2080
2080
1684
1667
2080
2011
10
1764
2080
1684
1764
2011
64
252
1804
1684
12
252
2080
10
151
174
2080
1667
10
1977
1764
10
10
177
1671
64
2040
2080
1804
83
252
1804
1684
10
1684
12
1900
81
10
1671
177
1692
1671
1614
1644
10
2080
1671
2011
1764
1764
10
2080
1438
2080
2080
1691
1671
1691
1624
10
2080
588
1804
1764
1664
282
1671
1684
10
1804
2028
2080
10
1684
10
240
12
2080
10
1671
1671
10
1764
2080
2011
1671
10
225
1671
2080
1669
2011
540
2080
177
64
1684
12
2080
1684
1608
10
1671
1624
1669
755
1691
1679
2080
1671
1667
1804
1852
10
10
2080
10
1684
2080
12
1671
2011
252
2011
10
2040
10
252
1804
2028
1671
2080
1624
1684
10
2080
1690
10
549
10
12
1804
12
1624
12
765
324
1671
10
1341
12
2080
10
1804
10
1684
2080
1804
1624
10
167
282
1764
132
10
2080
1671
2080
2028
2011
12
252
2080
63
1804
1952
1764
2080
12
1624
2080
168
10
12
84
174
1764
1671
168
11
2011
252
2080
1684
1624
12
2080
2080
1764
2011
1608
168
10
174
1624
2080
1624
10
12
2080
1736
159
2028
12
2080
1671
1671
1671
1804
1671
1684
10
10
10
1764
1764
1667
1671
174
1671
2080
10
2080
1671
2011
1804
2080
1671
1897
80
10
2011
10
1684
1671
10
1684
12
1684
12
2080
1804
12
10
10
1671
1684
1804
1671
12
252
2080
2011
1804
177
10
2080
10
1671
1684
10
1671
1684
2011
1684
1764
1666
12
1684
1764
2080
10
1691
1041
10
1764
12
1764
1684
2080
2080
1804
2011
12
2080
1684
1968
2040
1804
1804
1557
2080
2080
10
1624
12
1671
2080
2028
837
1610
2080
2080
12
12
1671
1684
252
1671
10
1784
177
1624
2080
10
1764
297
2080
10
1908
2080
174
10
195
10
1684
12
12
2358
10
1764
1684
1691
1684
1671
10
1942
1684
10
1804
1684
2011
1874
468
174
81
1804
2684
10
2080
1804
1684
1671
2080
12
1671
1624
189
1671
11
10
1323
2080
1624
1671
1684
2080
10
637
2080
261
2080
1804
1804
2028
10
2080
2080
1684
64
1804
1076
1624
174
2080
1666
1977
1684
2080
1566
2080
12
2080
10
1804
2040
2080
1845
1804
168
1671
1671
1671
387
1900
1671
10
1804
1684
10
1624
12
1691
10
1984
1671
2011
1684
2080
2080
2080
10
12
10
1624
12
10
10
10
1684
1804
252
1684
1900
10
1671
2080
252
1691
2080
2080
2028
10
1804
174
12
174
1804
405
2011
1691
2080
1684
1624
177
81
1684
2080
2080
1671
1724
10
1341
2028
12
1684
10
2080
2080
12
1939
1684
12
729
252
2080
10
1671
168
2080
834
64
1671
10
2080
2080
1764
1671
252
2080
247
2080
12
2080
10
10
2011
2028
1804
1671
1671
10
10
10
12
2080
2011
1684
1624
10
10
174
10
1804
2011
168
10
10
10
2040
1684
2080
10
1684
252
2080
10
1671
1779
2080
2080
10
1671
1684
12
12
1624
1667
1624
1684
297
1076
261
1671
1684
10
1671
10
1671
12
2028
2080
10
1684
1684
1804
2080
1667
189
516
1684
2080
10
2080
1684
195
10
1804
195
2028
1764
1684
1804
1671
2080
1836
2080
2080
2011
2016
1684
12
1669
2080
1684
1687
1612
10
10
2080
63
1804
2080
177
10
1671
10
174
1764
1691
297
10
10
10
2080
177
10
10
1977
1341
1793
1684
2080
1684
1188
2080
2080
1985
12
2028
1764
10
1671
1764
1684
252
1684
177
864
12
1804
2080
1667
252
720
1671
1671
10
1671
1646
1804
2011
2011
252
2011
2011
1804
1671
10
1684
1684
1684
1273
2080
1671
10
1624
1684
10
10
10
84
10
540
540
252
12
10
177
2080
10
189
1671
2040
1671
174
80
10
1669
10
1671
1684
2028
174
177
1671
10
1624
1724
252
12
2080
1932
2040
1684
10
1341
10
1764
189
10
2080
2080
324
10
2080
1684
2080
177
10
1684
258
177
252
405
1804
2080
1684
2080
2080
2080
1671
10
1684
2011
177
10
12
2160
1669
1671
10
1671
2080
174
2028
10
1804
2080
585
1764
2080
1684
1671
1684
1671
2080
1684
10
2080
177
10
1812
1764
1684
1671
12
252
1684
2080
702
1956
1684
177
1684
1684
1804
1684
350
482
2080
2002
1744
174
177
1804
1804
2080
2080
10
2011
12
481
12
1930
1671
10
1804
2011
1684
1942
1804
153
2060
2080
1672
1667
2080
174
174
2080
2080
2080
2080
1804
1671
2080
1684
1764
1691
2080
10
1984
10
177
2080
2080
12
1684
2011
10
324
12
1804
10
1764
1764
10
174
1684
12
2080
1671
1804
1900
10
10
1804
237
2080
10
1764
12
10
1764
2080
177
2080
1368
174
1939
2011
2080
1684
10
168
10
83
261
10
10
10
2028
1640
1624
1341
12
12
1684
10
1684
2080
2080
1624
286
2028
1684
1804
12
10
1671
10
252
2080
1624
1804
2080
10
10
1941
2011
10
10
1671
1624
1969
10
1764
2011
120
1684
10
10
12
1764
78
10
83
1624
10
2080
2080
2080
10
10
2080
2080
1093
1804
1684
1684
1624
1671
1671
1671
2011
1671
1671
2080
459
107
2080
1548
1671
2080
1992
12
12
1671
1684
64
252
2080
10
1684
2046
1671
2080
10
1684
10
358
10
1684
1804
1624
1804
63
10
252
2028
1684
1684
174
174
1691
1900
329
2080
1667
2080
2080
297
1624
2080
2080
1684
1804
174
1671
10
2080
168
2011
314
1684
12
1764
1671
10
1764
1671
1968
10
1812
2011
1076
12
1804
1671
171
2080
10
2080
12
2080
1671
1671
1671
1671
1671
189
1691
2080
252
10
10
1804
252
10
2011
1684
10
2080
2011
1671
1684
10
1671
1684
10
1671
177
10
10
10
2080
2080
168
1691
417
2080
1790
1804
2080
1804
2080
1684
10
1684
2080
252
1624
1691
1671
1671
1624
10
1671
252
1920
2080
11
1671
189
2080
10
2080
10
2080
1671
10
1900
2011
2011
12
168
2028
2080
12
2080
1804
1684
1684
2080
83
1804
2080
1804
1624
252
12
2011
1624
1764
1639
1624
2080
2080
1671
10
2080
2011
10
1671
1684
12
2011
168
1684
352
10
2011
2011
1804
10
1624
81
10
2080
12
10
174
2080
2080
158
2028
10
2875
10
174
12
64
12
1684
1872
1684
2080
10
2080
1775
10
1647
10
44
1804
1684
252
1804
1671
10
2080
2080
282
2011
1671
2011
10
1804
1977
405
2011
2080
10
10
1684
1804
1684
252
10
1684
2080
270
81
1671
10
10
405
168
1684
1764
174
64
1804
2011
1684
1671
12
1764
10
11
1671
1624
10
1671
1684
1611
1968
1764
2080
90
174
10
1804
252
1775
1671
2080
10
1684
2450
252
2080
2080
2080
64
171
10
2011
10
2080
1076
1804
2011
2011
1624
2080
2011
252
10
1624
1671
1341
1684
2058
1671
2080
1624
12
2080
10
1664
12
2080
1684
79
10
64
1691
10
10
12
1764
1804
1836
2080
1684
10
1764
174
2011
12
11
2080
10
1684
2080
252
10
168
10
1684
1664
10
198
174
1638
188
10
2080
76
1804
1684
1804
2011
2080
2080
171
10
2080
1812
2080
1764
10
1684
1413
1764
10
174
2080
2080
174
2080
1684
2080
2011
1684
10
1684
10
1804
63
2080
279
174
2080
12
1624
2080
1684
10
10
10
1644
1691
168
1669
1624
1848
1671
12
1684
2080
1684
161
1691
2080
10
120
10
2080
1659
1764
1642
1667
2040
2011
2080
10
1671
2028
2080
10
10
10
2080
1804
10
1671
1671
1684
174
2080
2080
1624
2080
1764
10
2011
2080
1671
1684
10
540
2080
195
64
1684
10
1671
1804
1691
252
1939
1684
10
1671
1968
88
1644
10
64
174
1624
2080
10
174
10
63
63
155
261
1684
2011
2080
2080
1684
10
1764
1764
168
1673
1804
1939
1673
2028
1804
1684
81
2080
125
1684
405
12
1804
10
1671
1671
2080
10
252
1684
174
2080
189
10
10
12
2080
1684
1930
1671
1664
83
10
252
468
2080
10
2028
174
1671
2080
2696
1602
10
2028
10
1671
2080
1669
1671
10
1804
1671
10
177
12
10
2080
10
2080
2080
1341
653
369
1691
1544
81
171
1684
10
2080
2080
2080
2080
10
1704
1076
10
1764
1804
1684
1804
1671
2080
1557
12
175
10
1684
1684
1804
10
174
10
63
1988
1671
1804
12
1667
1691
2080
2080
1671
1671
2080
171
12
2011
1804
2011
168
1804
10
2011
10
2080
2080
2011
10
1764
1684
1671
10
1671
174
1671
2080
1671
10
10
1684
1764
1624
2080
1671
2011
1691
1684
10
10
252
10
12
10
10
1671
2080
12
78
12
1664
261
10
1764
1804
5030
1977
1764
1764
1684
10
10
2080
1671
11
168
168
2011
279
2080
1671
1684
10
1618
174
1764
1684
10
174
1684
2080
1691
252
10
1804
1634
1614
10
5936
2080
1804
12
10
174
189
1684
10
1804
2040
12
10
1764
1671
1671
10
2080
10
174
1664
10
1684
1671
10
64
2011
12
522
1624
10
1684
1684
174
2080
1671
1808
1671
64
10
1671
10
155
1667
2080
1942
2384
10
1960
1684
1684
10
1624
2080
1900
342
1662
2011
2011
1671
1278
252
1684
1732
2080
531
1624
1930
2080
2080
1684
2928
282
12
12
177
174
252
2011
2080
1684
1624
1671
1671
1684
283
2080
10
2080
2080
78
1684
2080
297
10
10
2080
483
10
2011
12
2080
252
282
1804
168
2080
10
2080
2080
64
2080
1804
10
252
2011
2011
2011
1804
2080
2080
336
1804
1971
2080
10
1804
2080
10
2080
1684
80
1804
10
174
1669
2080
1764
10
81
482
1804
1684
1684
1804
1684
10
2080
2080
1804
2080
1977
12
2080
12
2080
174
1764
2080
1691
1671
2080
1671
10
1624
158
13
10
3718
10
10
10
32
3160
3699
12
3630
1572
178
10
10
469
10
12
469
10
814
696
1700
13
3699
3716
3649
61
12
3699
3630
3699
1700
469
3718
3630
814
13
59
64
3718
457
3359
3718
3718
102
3699
13
377
10
1572
3699
10
3359
3718
469
3699
1389
469
834
469
3302
3630
3432
10
1572
660
3699
3699
311
469
469
59
1572
10
10
3718
12
3699
1572
10
3699
469
3699
61
10
734
1105
3699
3718
3699
10
1374
3432
61
3718
3718
3607
538
674
3630
3718
3160
3718
12
3718
3718
10
3649
14
704
1572
1572
1572
3699
11
469
10
3699
1210
469
3699
10
10
3432
1572
460
3699
13
469
13
3699
538
469
1572
469
12
3699
3630
13
13
12
61
3649
538
538
59
3699
3718
3718
3718
10
14
32
1618
1087
550
3381
13
1572
10
1355
1456
3630
696
13
469
469
59
10
59
1254
3607
469
3630
469
3699
13
3718
3718
469
3699
1572
1572
3718
59
814
57
3718
3699
3630
10
10
1078
10
10
469
469
3630
469
538
3649
3699
3699
12
11
3718
11
13
10
10
10
3718
3248
1572
782
10
1661
10
1572
61
3718
1087
1618
11
3718
3699
13
3718
3718
12
890
59
1090
1087
763
60
376
3718
1572
10
704
3699
3718
814
460
3630
3718
901
10
7
10
9
3562
813
9
9
9
2862
774
200
7
813
9
2860
813
9
9
882
86
814
2827
2790
9
2799
2772
2591
2769
18
9
2844
7
1534
734
2824
320
2819
10
748
813
9
9
730
2750
2776
9
9
9
9
806
2816
448
10
3649
302
3630
1556
11
1556
696
3718
3718
1700
44
12
448
460
460
3630
125
3718
11
1154
3718
2213
12
3064
460
3332
3699
3699
3718
1500
1080
3630
3717
11
10
10
547
10
399
3630
10
10
1080
3699
460
10
44
10
1602
1556
3699
3699
14
13
11
814
3076
12
3630
3648
11
172
3699
3432
460
10
1800
460
460
1069
3699
184
12
690
3699
12
1069
538
10
63
46
25
3474
63
101
23
51
25
63
101
101
189
25
101
25
110
35
189
110
110
21
101
37
55
44
35
199
490
20
11
11
421
195
180
20
20
12
11
11
13
390
10
790
626
709
699
701
253
404
242
798
727
274
176
261
158
114
799
120
261
701
178
262
790
701
72
710
701
701
701
88
709
323
796
699
663
72
701
404
72
174
699
699
268
799
799
710
90
709
242
85
798
699
242
710
701
333
765
174
274
158
174
274
709
699
142
701
789
323
710
790
174
88
701
710
248
435
875
716
1131
38
1131
1139
1131
920
677
728
779
118
1196
1131
728
189
780
909
1290
130
780
780
1291
439
1164
720
1199
217
780
1291
1137
780
46
435
62
920
46
1291
182
166
50
1180
190
780
46
95
91
970
726
776
10
10
776
10
776
776
210
172
10
776
776
776
70
776
775
775
10
86
10
776
775
210
776
10
10
278
10
210
138
10
776
10
10
10
10
10
776
776
10
210
775
776
86
10
775
10
775
302
776
10
776
10
154
86
10
776
776
10
726
10
10
770
770
10
770
770
10
770
10
770
770
10
770
770
10
770
86
10
1554
10
1277
1496
10
10
10
10
10
1515
10
770
1496
1496
10
1512
10
1515
10
490
10
10
10
10
1065
10
10
10
10
770
10
1300
10
10
10
1496
770
1496
10
1316
599
1496
548
1496
770
10
10
10
10
1065
824
454
1496
10
1455
10
10
1300
1316
10
1496
1496
10
1065
10
70
1515
10
234
58
10
1496
1300
10
925
1496
10
1496
1019
86
10
1035
1496
770
10
10
622
1496
134
1496
1316
10
10
10
1316
10
10
1316
10
1300
10
10
10
10
1300
1496
1496
10
86
10
86
10
10
1496
374
318
10
1198
389
101
101
190
101
40
101
101
36
943
80
80
10
580
1
1
60
190
109
180
19
19
109
25
101
101
699
710
590
589
590
699
709
709
64
701
590
50
710
25
644
524
699
589
739
724
37
699
1
1
1
2
1
2
1
3
1
1
1
1
3
1
3
3
3
3
3
583
157
599
135
90
580
580
31
157
157
580
580
109
580
527
110
109
101
42
1598
1399
1399
276
41
180
545
24
19
16
25
495
19
29
25
25
25
374
19
19
257
30
29
339
237
1097
398
29
508
608
50
37
157
576
518
599
519
50
89
510
42
64
576
25
518
173
312
519
110
202
312
606
42
600
598
42
579
157
499
312
312
28
481
37
228
28
37
396
93
608
510
29
606
598
26
579
510
606
28
312
29
50
339
159
50
28
312
41
312
590
36
519
29
157
28
589
37
25
25
312
508
26
336
26
25
37
50
501
40
37
510
576
312
312
606
101
501
589
508
510
462
549
10
20
18
548
10
538
1063
20
668
20
20
548
11
20
44
434
45
220
19
780
780
744
580
716
19
45
580
19
584
580
16
31
16
340
501
1389
1086
45
1104
728
1359
1478
31
1388
16
31
31
1478
45
1388
147
637
27
842
100
19
1478
26
1358
19
147
1478
26
31
810
26
19
1358
19
1326
26
1478
1388
576
26
16
1389
16
16
188
397
31
147
1085
1358
1418
1086
1389
16
728
1225
1478
147
31
19
16
512
1389
1247
1086
19
1389
816
880
1510
36
1430
838
558
1168
1458
807
42
25
41
50
37
146
37
1197
808
1594
551
1594
25
808
1168
1434
37
1194
682
1438
36
581
37
880
1430
558
705
37
872
50
37
1528
1160
1649
1160
1160
26
1168
42
1160
174
389
174
1168
50
37
50
1197
1168
1319
1528
36
36
50
1168
37
1481
1197
1197
1058
1160
37
1585
101
36
1160
1168
808
41
312
1510
42
558
1160
37
1197
41
1168
37
37
26
1168
872
174
36
45
1528
1194
174
36
1168
808
37
1194
41
750
1049
42
50
42
1438
1160
25
489
37
1528
1585
29
64
444
1585
174
1585
37
808
585
36
562
36
444
174
1071
28
872
50
50
1197
808
26
1197
37
1194
808
558
37
36
584
36
705
195
41
682
1160
796
453
50
42
42
1168
50
37
174
37
1191
872
562
425
36
41
503
1585
65
1197
42
26
808
42
808
558
36
174
1510
1585
41
796
808
1594
36
562
37
133
37
1528
37
495
133
42
1594
1194
42
1594
1197
62
807
41
444
1510
682
1525
558
1518
65
1168
64
37
1510
1160
37
1243
40
202
558
64
37
1168
41
444
655
584
50
584
807
585
427
26
1194
28
1168
558
1175
37
64
1319
50
913
1528
37
64
708
585
36
31
705
133
28
37
37
50
641
705
26
65
46
35
37
64
819
1496
558
585
25
1160
1585
558
1510
26
1168
585
436
472
1528
50
1197
558
562
36
37
41
37
26
558
25
505
1594
980
1594
808
42
808
808
41
501
558
1585
50
26
183
1168
36
36
36
41
1168
1528
25
808
37
1438
36
808
77
37
1099
29
808
36
753
26
1199
453
25
37
570
37
1199
589
453
25
499
757
933
31
321
598
2
580
26
26
20
16
31
397
360
16
45
19
20
26
147
45
321
491
19
19
20
109
101
101
101
101
400
25
363
50
28
157
699
41
25
501
366
28
64
37
725
789
789
621
180
190
11
20
180
190
36
157
157
199
109
733
37
1540
737
42
809
37
37
499
553
10
50
42
37
50
1
199
10
305
399
283
398
635
369
26
106
644
560
100
620
100
893
94
20
447
599
875
122
962
20
654
10
11
40
136
961
20
19
974
728
395
134
832
100
20
938
528
29
36
943
26
28
511
988
607
718
505
989
28
37
545
25
28
29
561
938
871
823
612
805
26
28
823
36
899
26
157
37
568
938
41
37
37
999
445
988
932
820
37
871
26
157
871
988
453
64
500
454
504
29
505
499
988
505
901
37
29
29
510
36
568
509
649
72
41
26
50
920
25
942
454
505
26
26
523
505
505
667
218
221
939
25
29
709
638
45
312
249
218
639
26
221
26
688
37
545
26
941
505
34
988
634
588
532
943
890
990
513
988
25
523
899
505
30
916
901
811
146
26
445
920
101
938
479
820
988
499
39
501
510
36
505
505
37
454
505
802
488
820
499
901
445
475
505
505
41
505
940
505
505
541
505
509
445
41
612
989
505
901
37
901
37
901
404
909
505
505
99
943
101
999
999
989
988
501
816
509
901
505
683
899
99
616
157
989
65
990
505
943
612
505
29
990
134
988
28
989
901
989
35
999
29
26
820
901
1110
510
999
910
26
25
495
999
35
500
901
505
37
881
445
26
701
505
612
910
637
999
36
43
820
25
612
505
990
445
703
989
499
157
910
989
811
910
429
901
505
535
709
901
36
938
37
811
938
943
998
999
734
50
535
989
765
899
36
989
938
999
811
37
973
999
454
505
901
989
859
901
988
860
901
989
989
990
973
990
41
988
600
42
999
999
938
999
938
454
28
938
101
988
50
36
29
26
989
610
909
943
999
535
449
999
938
463
505
901
37
505
999
938
990
901
853
901
37
505
990
42
41
42
943
938
909
101
505
973
530
41
740
454
999
505
42
989
161
50
530
29
988
938
509
665
157
989
938
699
505
26
909
505
999
101
25
901
505
505
505
973
36
41
899
404
454
535
901
505
505
505
531
899
157
1
7
7
1
13
1
1
13
1
1
1
180
11
110
110
101
190
190
37
101
901
36
26
999
37
26
50
505
518
550
505
26
523
983
505
988
899
999
520
50
916
50
546
42
637
36
536
523
545
637
64
545
50
901
901
647
37
136
50
272
407
602
20
31
467
764
437
16
19
467
378
17
433
764
467
20
764
366
33
33
764
134
437
19
31
17
27
27
437
467
563
505
904
502
365
899
42
464
548
42
104
899
501
904
37
104
904
901
901
178
904
511
445
52
37
64
476
454
26
904
904
30
128
36
37
144
104
493
464
293
36
445
135
505
42
505
505
26
104
493
37
303
64
524
459
26
51
36
36
502
505
505
190
505
505
505
156
459
51
505
464
50
505
901
26
520
904
68
50
505
50
169
493
183
505
880
104
52
520
50
1166
42
1146
25
738
95
26
26
16
31
662
657
26
775
19
50
1305
1134
37
34
36
37
1310
29
505
720
1306
50
26
1375
25
1348
26
274
1
1
18
98
1
880
20
11
64
904
11
11
1306
99
343
453
37
157
1144
861
998
477
148
37
37
783
25
66
1387
50
720
382
1321
36
37
1402
1139
602
1402
41
54
754
728
1025
418
20
20
1319
418
441
1079
750
11
1303
1084
1218
814
498
414
19
20
1411
1319
1019
11
431
20
106
1401
750
738
463
36
720
776
776
1065
1412
42
776
815
1305
64
722
1312
37
43
453
783
474
783
1305
720
64
722
41
157
783
815
720
50
50
41
720
670
499
37
37
1375
37
550
738
1137
720
36
720
50
1142
25
36
157
1305
64
37
453
1171
41
550
50
720
720
444
42
1168
36
783
28
242
807
670
28
442
720
25
720
720
37
720
25
36
720
105
1375
1142
37
720
50
37
720
41
1142
854
26
693
1134
37
693
720
37
444
25
50
50
37
50
29
36
1375
25
157
36
720
50
41
67
503
776
1142
720
1403
1168
783
25
444
50
36
489
496
50
1142
37
776
550
37
50
25
50
50
50
41
340
38
720
36
1403
36
720
37
1134
37
50
37
783
37
776
783
26
774
720
580
720
444
453
36
1312
36
25
444
50
36
720
37
1142
546
499
720
303
1142
1412
505
550
1142
720
37
453
720
29
26
1142
444
25
1312
25
1142
453
25
570
25
1402
25
720
768
37
36
1142
26
720
37
546
660
50
444
1168
685
20
1401
69
11
10
147
1116
20
1140
20
68
20
1312
1402
1375
1375
41
776
36
720
776
26
776
25
1403
36
36
74
720
1134
35
1305
184
729
50
36
50
774
50
36
1305
36
50
42
42
50
26
50
1171
1403
1312
1412
202
36
37
36
50
720
25
303
157
433
1375
157
312
50
164
288
720
693
321
720
64
1412
699
282
767
1310
1131
26
720
50
720
814
157
765
720
133
1314
807
37
1262
157
1323
807
807
499
41
157
1314
453
509
1323
562
776
26
720
50
1314
1314
773
37
722
41
444
783
541
25
444
433
384
1292
29
1323
1336
1334
765
133
526
37
649
1375
805
1412
177
453
499
805
37
720
720
37
546
670
807
36
26
1142
28
453
1168
776
444
41
29
815
720
720
41
1297
41
571
807
1134
41
1312
1099
25
693
1403
52
42
1312
1115
807
25
720
815
720
37
1142
1375
1305
1402
1403
28
42
774
36
720
1339
720
29
453
1403
1134
41
1066
444
1134
720
1375
546
1305
1412
33
36
720
1380
590
29
1375
42
1402
1061
720
1403
1310
37
720
29
720
720
50
793
546
37
655
807
36
453
1403
1402
37
720
1312
720
720
444
693
41
1312
415
815
62
37
783
1375
64
37
720
37
570
1305
1142
453
720
1312
720
37
815
1312
1312
720
693
1311
828
45
1412
1312
64
815
1168
157
693
29
37
1375
28
37
453
1134
453
157
37
50
1299
36
453
157
1142
807
37
720
37
807
1375
29
64
64
1213
1312
1095
64
56
29
464
720
733
1361
56
1142
37
693
776
42
693
546
815
693
720
37
720
594
1312
37
42
815
720
33
1403
136
1100
568
31
860
1316
170
1700
582
31
1701
26
31
666
1340
170
31
31
1640
26
1681
1641
1640
1268
18
26
960
37
19
1681
19
370
31
170
26
1418
1269
1268
582
1120
1458
852
170
975
400
32
26
1691
1049
31
1780
31
31
1268
1493
1527
26
31
31
154
1681
1268
1624
61
31
666
1275
1047
960
19
1681
728
26
1636
31
860
960
1691
45
1624
173
582
1780
860
374
26
19
19
666
31
852
702
1177
1167
1691
307
1640
1781
607
1624
19
1640
170
31
1641
1681
1692
1781
1701
1275
170
1604
1624
1460
31
1701
860
26
170
1250
31
16
1641
26
170
26
1316
26
170
31
397
1681
31
170
1641
31
1781
1690
1316
429
1537
26
26
1395
428
170
702
31
645
1792
950
26
26
26
66
1462
1783
425
31
973
31
31
404
91
19
33
24
24
21
16
16
31
33
19
1784
51
19
19
893
1891
31
30
400
20
19
77
1872
25
19
1029
355
43
36
1673
1515
25
30
963
444
1892
1673
1608
286
966
26
31
1892
1360
606
30
782
31
586
37
963
807
503
26
1892
1673
1892
1243
26
963
42
966
235
1206
1740
30
1047
966
41
34
30
582
42
42
444
28
37
53
1673
1673
499
288
571
41
1892
37
1214
43
444
606
41
1892
34
1047
499
444
725
453
1740
944
1214
966
25
25
30
31
444
1892
48
966
33
582
782
614
1358
654
16
746
21
27
27
16
212
656
27
1782
1783
1739
26
31
600
919
746
26
664
640
26
1872
761
1541
22
16
22
1782
418
919
1098
28
22
315
19
414
675
639
745
673
1872
1872
31
1098
671
984
1558
725
453
1673
725
43
725
101
25
1
1
2
1
1620
1780
31
16
26
358
1780
1690
866
110
10
40
1730
37
1214
1608
1240
50
37
25
860
1624
111
20
1740
1
2
1
1
20
25
31
180
138
180
160
31
21
180
180
180
180
180
45
45
798
180
99
28
180
27
65
182
27
72
52
101
1293
40
143
117
50
113
36
127
50
104
143
190
37
101
199
36
72
124
101
36
143
199
117
189
26
101
109
50
1240
56
1362
10
45
19
19
180
180
180
180
19
180
19
33
19
19
19
91
31
109
101
101
290
11
360
210
360
11
20
19
380
231
222
11
231
231
378
380
380
11
221
280
355
37
202
50
310
301
37
299
301
64
299
309
301
301
25
299
42
310
301
228
299
25
25
301
309
110
37
202
299
218
37
389
310
299
309
310
26
310
389
50
301
37
299
26
82
50
301
25
64
299
309
310
301
310
399
602
309
299
50
310
788
189
64
199
110
101
101
189
101
301
301
50
309
326
37
37
495
25
37
483
37
25
10
138
19
31
455
330
37
488
485
37
25
543
28
499
26
29
512
330
198
303
41
39
42
28
546
547
544
42
327
488
26
547
498
115
525
488
37
482
525
28
64
498
109
525
482
50
50
165
482
26
490
28
543
482
25
303
478
37
578
122
26
37
25
25
64
482
50
588
588
118
300
36
303
490
321
28
25
10
303
29
303
11
303
157
37
28
119
40
303
598
48
10
10
35
1399
199
34
26
187
157
10
91
30
464
568
27
31
19
91
568
180
327
34
303
50
25
26
37
37
4107
5901
5910
5901
50
5921
40
5709
886
42
25
50
64
5970
5989
36
4110
129
50
5964
157
5909
3030
5964
5910
5999
28
64
5901
3030
499
303
26
37
25
64
26
57
26
37
26
64
50
501
303
501
590
303
37
303
501
303
26
499
303
28
26
327
590
37
37
330
37
96
28
25
590
498
28
597
436
317
28
499
597
29
303
37
29
25
303
101
37
303
37
510
303
73
123
26
28
37
501
101
510
330
50
589
37
36
499
36
64
330
37
25
37
26
64
110
25
509
597
327
25
529
590
38
30
303
499
109
501
303
50
303
546
36
36
499
501
37
368
64
73
25
26
432
45
374
358
358
580
580
16
531
19
580
612
358
584
19
19
31
19
19
366
27
19
631
19
19
19
19
804
631
357
359
435
19
132
31
612
19
357
32
523
510
157
31
19
45
580
45
16
532
45
19
19
359
584
531
336
363
630
589
330
29
589
26
25
614
630
330
499
321
37
330
630
37
499
499
37
432
84
51
630
597
37
330
510
52
597
37
43
64
363
26
510
630
630
37
26
29
84
336
26
25
249
330
330
25
26
26
26
68
26
199
522
29
26
50
25
590
50
26
501
510
37
37
50
504
330
330
25
28
199
25
330
40
330
593
363
597
25
36
37
52
509
26
330
25
26
40
593
593
590
26
25
26
330
363
590
28
28
593
41
157
50
330
593
25
360
37
511
36
630
626
630
363
626
579
26
689
600
600
28
590
29
28
29
28
37
626
25
29
626
499
568
37
28
590
37
26
28
64
688
50
589
363
441
363
363
363
2
5
1
1
61
19
109
50
189
199
199
190
37
26
37
190
101
190
29
189
64
189
37
660
29
37
26
29
50
189
64
199
109
109
199
28
37
110
99
25
28
189
190
25
159
64
37
26
25
29
25
38
190
48
199
30
42
64
199
29
26
199
25
50
29
190
101
42
190
2269
64
36
25
41
26
2311
2269
2289
41
50
2311
29
26
2100
41
26
3969
4123
2269
4198
2121
28
25
37
2269
50
189
25
3969
36
501
303
567
309
500
327
37
598
26
25
303
41
509
38
26
37
303
26
48
500
510
50
571
599
589
26
44
499
37
303
41
157
36
41
26
50
1201
509
26
303
37
589
42
36
42
36
28
42
810
691
19
31
999
37
16
29
305
19
19
780
532
505
937
36
545
29
934
328
29
501
925
42
499
41
899
37
501
900
515
36
902
76
935
501
42
190
139
26
40
37
505
28
550
454
505
25
41
899
29
505
501
37
505
42
64
41
445
101
25
505
906
901
505
899
505
505
901
25
501
501
164
47
48
50
499
899
604
42
454
899
871
50
580
50
604
37
871
990
550
25
92
26
510
505
907
504
505
42
25
37
25
910
505
702
989
902
37
821
28
454
25
505
41
529
42
629
907
523
821
510
907
902
499
42
36
99
37
604
899
50
50
910
37
483
604
629
999
910
64
454
26
590
849
545
861
812
999
505
879
26
50
621
26
899
990
545
50
509
925
37
42
523
475
909
629
909
505
26
907
899
26
37
760
54
36
501
782
697
501
42
909
952
901
505
505
26
629
899
629
499
64
604
604
445
910
42
501
25
636
629
411
910
906
580
31
980
490
909
26
545
580
491
747
509
31
980
514
28
906
37
901
629
28
901
37
291
1
916
37
505
109
500
90
367
545
505
37
445
505
151
541
867
37
505
26
110
502
505
542
948
101
505
499
37
907
25
540
491
505
37
37
505
50
26
37
495
505
505
550
910
501
37
36
505
1373
454
514
37
505
101
505
25
505
64
25
505
37
505
969
50
28
157
37
37
271
25
505
25
26
732
157
50
37
505
629
806
788
907
907
505
697
829
514
901
37
505
505
604
505
505
42
157
505
445
899
505
550
36
36
36
553
505
445
495
505
37
608
514
505
715
42
505
725
37
37
514
155
36
26
505
41
505
36
42
41
725
720
454
505
61
505
505
901
76
715
720
550
50
715
505
634
99
36
637
41
720
26
26
725
725
36
558
37
26
25
25
37
36
41
145
110
531
37
37
505
505
1327
26
1156
1510
505
112
505
29
99
41
899
899
901
550
732
37
505
42
495
500
686
50
445
445
37
840
26
42
25
505
505
505
41
514
874
26
909
501
505
454
109
476
505
892
500
50
498
37
500
454
901
37
501
480
505
454
454
952
26
735
990
989
50
505
902
43
64
504
952
50
771
64
37
999
504
25
454
42
157
989
454
740
821
51
41
37
550
545
706
812
510
157
902
894
157
821
25
445
157
454
26
509
50
157
504
907
46
505
550
952
504
157
62
454
454
43
899
907
910
37
952
157
805
505
266
41
157
532
284
26
49
19
19
31
30
49
345
31
49
16
16
19
19
31
19
374
39
16
19
316
26
19
31
27
31
16
45
45
31
49
31
31
324
31
274
49
208
31
229
31
229
229
124
41
229
26
229
45
229
19
229
229
124
16
42
16
49
26
45
31
229
209
19
49
49
21
26
229
20
49
229
49
746
40
80
344
40
344
261
40
19
746
744
106
826
826
40
19
746
26
19
40
26
40
40
106
40
40
40
826
40
40
26
80
40
19
40
106
40
744
106
40
826
380
96
26
16
40
96
96
19
772
826
96
40
40
40
40
24
746
40
96
40
826
40
40
826
826
40
26
40
746
40
40
40
26
40
106
476
40
744
826
40
40
26
32
1006
106
40
826
40
40
40
826
40
40
40
40
16
106
40
40
40
826
40
40
27
26
40
746
40
746
826
826
106
106
80
26
40
746
40
106
106
40
40
644
826
40
40
40
40
19
746
40
746
19
40
40
80
40
19
26
19
40
19
40
106
19
40
826
106
26
26
40
826
60
40
40
826
19
106
16
556
19
106
40
40
746
106
746
19
106
746
40
40
826
40
826
40
19
106
19
106
106
106
40
16
40
40
826
106
40
380
19
19
26
106
19
826
40
746
826
520
746
660
40
520
826
40
826
19
746
40
80
826
746
19
826
826
826
552
826
20
106
106
40
106
96
19
40
826
40
826
826
19
826
826
826
756
19
826
826
27
826
826
80
96
560
96
556
746
556
826
19
19
19
732
746
80
40
19
106
16
19
826
40
80
106
106
48
96
746
96
26
19
40
826
380
556
64
27
96
26
19
18
556
826
19
746
826
852
852
826
660
32
852
64
380
852
826
744
19
106
826
744
826
852
380
826
852
19
19
826
852
19
16
744
826
106
744
746
40
845
64
136
826
32
96
744
106
80
19
40
40
96
64
40
19
845
40
19
468
40
826
80
826
19
40
744
826
80
845
19
744
40
96
80
40
19
744
826
16
106
845
64
19
826
845
19
826
106
826
80
16
845
746
320
328
40
27
746
80
26
44
106
40
826
744
19
746
80
172
746
19
40
19
1112
19
40
826
40
826
26
1112
40
488
40
19
19
1112
826
26
40
80
746
40
26
40
19
268
40
40
878
80
380
106
746
664
19
80
19
19
106
632
19
746
746
19
888
888
19
888
664
48
26
96
340
520
40
26
746
19
19
106
19
852
40
40
852
40
96
80
40
96
19
40
40
746
852
26
106
826
19
40
40
26
19
112
106
26
664
40
106
40
19
40
106
80
746
19
80
106
80
19
106
40
96
19
19
106
80
40
19
826
19
80
96
40
772
40
40
380
664
826
96
80
878
878
724
826
16
106
96
744
1006
746
106
16
106
19
760
826
826
826
106
40
826
106
19
80
826
106
746
746
106
826
826
22
22
106
772
106
744
80
22
772
826
22
744
1138
106
826
18
40
96
744
96
22
106
88
40
1138
26
352
106
826
19
752
106
826
32
22
96
1112
19
19
48
40
40
40
1112
746
19
552
826
40
1006
826
40
88
826
1138
826
40
1138
772
19
380
744
106
19
26
40
106
826
40
19
26
878
40
40
668
19
19
878
19
40
22
40
878
826
878
80
269
40
19
40
80
772
19
19
826
826
16
80
664
106
826
106
106
26
16
19
106
40
96
96
106
826
878
106
40
40
40
878
820
1092
772
826
878
852
826
744
744
304
106
826
772
826
80
772
772
19
40
40
852
826
712
380
96
826
712
40
746
826
746
484
80
826
40
324
40
96
826
826
16
16
44
19
16
826
40
746
19
852
19
40
40
746
26
80
19
106
40
19
40
852
19
826
746
40
746
380
826
100
826
852
744
20
852
40
40
19
826
380
40
826
19
746
40
106
96
826
40
40
826
106
826
40
19
826
26
826
96
19
664
826
26
826
826
744
106
106
826
852
826
40
826
826
826
852
19
106
26
106
826
852
40
746
106
852
26
19
40
106
19
19
19
40
744
40
16
19
40
19
292
96
106
746
826
80
826
40
746
30
106
826
696
16
380
106
80
852
106
212
80
19
19
106
96
19
66
26
826
106
19
40
80
96
852
106
105
106
852
80
96
96
80
96
40
746
746
26
106
106
746
746
746
852
664
80
19
19
746
826
19
826
80
26
826
106
826
780
928
19
852
96
744
40
40
380
40
826
19
26
106
852
64
80
1006
756
40
852
826
852
928
746
852
40
852
40
19
40
668
826
746
826
106
106
668
746
826
106
746
40
826
40
40
826
826
746
106
746
40
826
106
380
96
106
40
826
19
40
44
40
746
106
746
826
19
106
26
52
96
40
852
19
96
40
19
80
40
826
44
40
746
26
510
510
40
106
510
40
40
96
16
510
106
19
96
80
80
19
19
40
510
510
19
106
510
510
525
106
27
476
510
40
80
106
26
27
372
525
510
510
524
106
525
510
746
27
26
380
19
744
826
40
40
826
744
19
16
19
105
16
744
664
96
826
208
19
19
19
664
29
19
19
664
744
16
220
19
19
40
19
19
19
40
826
52
380
826
84
744
380
380
19
16
19
19
19
664
19
16
106
826
19
40
19
19
19
380
26
826
826
744
826
826
16
19
380
106
664
80
19
826
664
192
826
826
19
21
106
16
664
676
826
664
19
16
826
744
24
744
16
26
52
16
19
744
19
80
19
19
80
19
664
26
380
380
380
16
156
19
16
664
208
19
29
16
40
19
64
19
826
826
16
27
208
36
40
19
826
19
40
106
19
106
29
40
40
628
826
664
19
826
826
19
746
106
40
40
826
19
84
96
26
16
80
96
106
826
40
36
826
826
826
826
96
826
826
744
826
40
106
826
826
746
26
40
826
826
40
826
19
40
826
746
826
284
40
26
852
96
204
40
40
1086
746
1112
19
852
19
826
192
746
29
40
19
826
40
746
1112
106
16
40
40
252
96
40
19
96
16
664
746
40
664
826
96
80
106
746
19
96
40
826
106
826
19
106
19
826
40
252
744
40
40
106
826
826
26
19
40
40
664
96
40
16
744
40
826
826
19
80
16
740
826
826
80
740
826
80
740
40
746
982
40
106
744
746
16
902
826
826
19
106
40
16
19
80
826
826
252
744
80
826
826
40
40
826
19
29
16
96
19
26
19
80
826
252
16
826
40
40
80
826
16
96
19
826
19
40
80
826
746
826
40
26
744
40
106
40
826
40
826
19
40
826
16
40
40
40
746
826
106
29
746
826
106
746
826
826
106
26
40
40
106
746
40
826
19
40
826
852
106
26
16
826
106
96
746
96
336
19
746
826
746
106
106
826
826
80
380
106
40
106
106
106
40
826
106
40
826
106
19
106
40
826
826
826
106
826
746
826
40
826
40
40
746
826
826
40
826
826
26
40
40
40
40
40
826
826
826
746
40
684
19
826
40
106
106
106
826
800
826
16
26
106
826
84
106
826
80
380
40
106
826
746
19
40
40
40
684
40
106
19
106
96
40
40
106
40
688
826
106
746
40
380
664
19
380
826
826
640
692
826
106
40
26
26
684
826
26
106
826
80
106
26
648
746
19
746
19
688
684
16
660
852
852
660
96
826
40
106
826
826
40
826
192
826
16
746
1240
40
80
40
248
96
19
746
16
80
106
826
826
106
40
380
80
106
26
664
826
19
26
19
19
746
40
96
19
96
40
40
40
826
19
96
572
80
16
40
40
67
664
106
106
19
106
746
826
96
40
26
40
106
16
826
380
26
16
19
826
826
16
19
40
106
80
826
80
40
40
26
96
414
80
40
414
414
19
80
746
106
30
30
826
30
26
16
106
106
30
30
632
40
712
826
826
608
26
826
106
826
40
826
826
712
40
40
106
106
746
746
26
40
40
106
40
40
826
809
26
106
982
19
40
106
40
40
772
772
106
689
40
106
982
982
106
878
19
746
40
106
746
106
106
106
19
746
826
826
746
746
826
826
746
106
40
106
40
106
40
19
106
106
80
826
40
826
40
26
106
567
826
746
826
826
26
106
106
826
40
746
40
106
40
380
826
1240
26
19
40
826
826
106
19
96
196
106
826
40
106
826
746
826
80
19
826
40
744
40
106
40
746
746
40
106
746
106
40
826
826
106
26
106
106
826
106
744
19
106
826
826
826
106
826
106
826
40
26
746
746
826
826
826
40
826
826
106
826
826
712
40
826
826
40
746
826
40
16
826
826
826
106
40
106
106
106
106
826
746
664
826
744
380
19
80
826
746
380
106
664
826
744
96
40
76
40
40
788
96
16
96
826
96
744
826
826
746
826
106
106
826
826
106
826
826
40
27
106
19
826
106
746
106
826
40
40
580
826
40
106
826
106
826
826
19
826
664
26
826
106
708
746
746
826
106
746
826
826
40
40
106
106
826
106
106
80
80
106
826
826
40
826
746
826
106
746
40
40
96
40
106
746
40
746
40
40
40
80
40
26
826
746
826
664
40
826
826
746
19
106
164
80
826
40
746
826
106
19
106
40
746
826
40
19
106
40
826
826
40
106
106
40
746
40
826
106
40
40
746
746
826
40
746
40
19
19
772
96
80
26
40
106
80
40
40
746
826
19
106
106
106
852
106
29
746
826
746
40
96
826
826
106
40
826
96
40
40
40
40
19
19
40
772
878
52
40
68
878
96
772
40
878
772
878
96
106
904
878
40
851
96
40
27
19
672
850
48
40
772
106
772
40
40
106
744
878
40
878
40
40
106
19
40
40
930
772
40
40
40
851
904
850
772
746
746
80
826
380
40
26
24
19
96
608
18
19
96
40
26
40
826
19
19
56
380
826
19
19
106
19
19
106
26
826
19
40
106
826
19
380
744
744
40
744
746
664
106
744
40
19
16
826
96
40
26
19
40
40
826
40
746
826
19
826
40
826
744
40
16
40
80
19
19
19
26
19
40
80
19
16
19
40
852
744
106
744
19
796
664
648
380
106
852
826
664
106
27
826
106
852
19
852
19
80
19
724
27
88
852
19
19
40
26
852
40
80
106
826
826
96
40
380
826
106
852
19
40
16
380
40
23
744
23
96
19
852
40
80
744
86
19
96
19
40
80
19
40
852
744
826
826
27
19
16
19
106
744
40
744
40
40
746
80
106
19
26
106
96
746
852
40
826
744
26
106
19
16
746
40
19
826
826
19
40
29
19
826
40
744
16
19
40
19
40
744
746
106
852
40
106
96
746
106
744
106
826
826
472
80
106
80
26
746
40
19
746
40
19
744
106
746
80
106
19
272
19
720
106
40
40
40
826
746
746
746
746
826
80
19
19
744
826
826
40
826
826
788
16
106
106
26
808
80
26
40
826
106
744
826
826
26
826
826
826
744
40
826
746
826
19
826
746
826
40
826
80
826
40
19
826
744
40
746
954
19
826
744
19
746
19
664
96
80
40
27
16
96
106
19
19
746
96
826
96
40
826
746
40
19
96
40
19
16
40
746
746
19
106
106
40
96
684
746
80
80
826
19
826
40
903
744
826
40
40
26
380
826
19
96
96
96
826
19
40
106
746
19
40
826
106
826
19
106
19
96
19
19
746
746
80
826
746
826
826
280
19
106
40
40
40
40
96
40
746
19
40
106
106
106
40
40
40
826
106
19
19
40
826
40
887
826
80
19
80
106
826
826
106
826
26
106
746
96
826
96
852
40
852
106
746
80
826
746
826
19
664
40
826
364
96
40
106
106
460
746
96
19
19
96
26
96
80
19
826
96
124
746
26
19
826
826
826
500
826
40
40
826
106
40
826
826
826
380
40
746
80
826
40
826
106
312
826
40
444
19
720
16
744
106
826
826
26
19
40
40
40
744
106
744
106
746
826
826
826
106
106
106
106
106
40
826
826
106
826
746
106
826
556
746
19
60
826
744
744
826
40
96
820
826
380
19
19
40
826
826
96
96
96
26
19
80
19
96
19
80
80
19
826
80
380
19
664
380
96
826
19
16
826
96
80
80
380
826
684
380
16
744
746
826
19
80
106
112
826
96
19
26
96
380
26
664
826
380
19
746
744
26
826
40
40
826
746
826
106
746
26
40
19
746
852
26
826
26
420
106
40
26
852
26
40
40
106
27
26
826
19
40
19
826
26
826
40
40
826
826
744
26
826
40
40
106
40
80
40
746
56
40
26
40
16
106
40
826
106
826
826
40
106
826
826
40
96
40
96
826
106
826
664
40
826
40
40
26
26
26
106
746
826
40
106
106
19
40
40
40
103
826
40
19
40
826
106
40
40
19
40
466
40
40
40
466
40
40
466
466
466
466
40
466
106
40
466
40
40
40
106
466
26
466
466
106
106
466
16
40
466
40
466
466
19
466
66
19
80
40
26
466
40
26
19
103
96
64
40
466
746
40
56
826
826
40
728
40
826
826
492
826
826
96
746
826
40
40
40
128
52
40
19
826
746
744
40
746
40
26
40
70
826
826
40
106
826
106
106
40
26
826
40
106
40
826
40
616
19
40
40
746
40
826
40
826
40
40
746
40
106
380
826
826
826
40
826
826
40
19
106
26
826
40
40
826
40
80
826
826
826
826
826
19
826
40
826
826
826
40
826
826
112
826
26
176
826
826
826
826
106
826
40
746
40
106
744
106
106
826
16
826
26
826
40
826
106
826
40
26
40
106
744
826
826
826
826
826
106
826
826
26
826
40
106
826
826
826
826
26
106
826
826
96
332
26
826
106
26
826
56
826
826
744
40
826
19
826
826
32
19
826
106
772
826
23
16
96
106
106
835
746
826
16
40
40
106
567
36
36
621
87
66
653
26
18
654
26
653
36
653
16
36
36
653
654
87
653
36
36
653
681
603
653
596
653
36
19
51
614
19
36
72
36
653
26
36
19
36
19
515
621
653
653
36
621
36
654
26
42
63
653
607
72
36
16
36
87
26
680
654
453
36
653
515
653
19
36
579
26
26
653
36
36
654
36
16
654
681
2245
653
16
19
653
87
654
87
87
26
654
19
300
36
653
654
78
599
19
2290
36
36
36
26
87
36
26
87
26
26
534
36
87
653
36
621
599
78
36
300
28
36
587
36
2290
19
654
19
78
78
87
87
36
78
16
19
2290
653
36
69
300
87
213
652
36
16
36
300
2290
26
36
653
36
16
150
36
19
19
26
36
36
36
653
78
19
26
36
36
621
36
19
36
36
653
26
653
78
16
2290
36
36
16
654
16
87
36
87
653
556
36
36
36
19
36
19
300
708
654
300
26
87
36
515
36
19
19
653
78
87
26
36
87
36
36
36
16
87
681
36
654
26
19
567
2200
653
654
36
652
26
78
19
36
78
87
653
26
681
2290
653
26
19
17
36
36
2290
588
19
19
78
19
87
36
36
653
72
2290
16
19
653
596
36
26
36
87
78
26
78
653
735
19
36
607
654
608
708
654
273
36
432
36
25
19
36
16
36
654
16
19
19
26
36
653
26
36
87
36
19
16
16
36
36
654
36
653
16
87
2290
26
351
36
36
515
654
78
596
596
87
19
596
78
57
36
16
36
36
653
26
26
78
19
653
78
654
596
36
16
19
19
653
604
19
36
654
19
19
87
78
26
78
515
36
26
36
16
1107
19
36
87
654
87
653
26
300
16
586
81
36
36
87
19
87
36
19
19
26
26
87
26
87
515
19
36
78
36
36
36
515
36
653
654
36
36
653
16
36
78
16
19
16
654
620
36
19
78
19
26
36
36
60
654
36
653
36
87
72
19
19
39
19
36
87
36
26
87
26
16
36
26
19
19
78
1354
26
87
16
36
72
78
36
30
607
36
36
36
36
87
87
653
36
36
36
36
36
653
26
36
36
26
19
608
300
596
402
2110
36
2290
36
36
36
653
19
19
36
654
87
19
36
36
19
653
36
45
653
19
16
608
19
19
19
36
36
26
78
26
26
36
26
604
653
653
653
36
680
16
19
87
515
36
63
87
36
654
26
596
19
515
36
36
36
87
78
26
708
36
87
24
87
19
78
87
2290
36
36
19
36
16
117
72
19
515
653
36
16
36
36
36
36
87
26
36
26
653
26
19
26
26
72
19
36
653
26
36
654
87
78
26
19
300
57
16
87
19
36
78
2290
72
19
36
2290
16
36
26
2290
1188
78
653
78
20
78
653
595
653
19
36
26
26
36
26
78
654
300
57
515
300
36
26
654
26
78
19
16
36
36
567
26
627
300
36
72
26
87
36
72
627
36
26
36
26
36
72
26
42
297
36
627
573
19
16
20
26
16
16
573
19
627
19
78
26
26
36
444
36
627
36
87
36
16
72
36
26
576
26
513
627
19
627
36
87
16
36
25
36
627
19
312
627
78
78
72
87
627
19
627
36
36
78
627
36
26
19
78
36
36
16
19
36
26
26
16
87
26
36
87
300
87
26
26
26
36
87
36
87
26
26
1080
513
26
36
27
576
36
78
300
624
19
627
16
570
26
26
19
36
627
19
627
36
513
19
26
16
19
36
36
26
26
36
36
36
87
567
627
627
36
87
627
36
627
19
513
627
36
87
19
627
36
87
36
36
627
87
36
78
567
36
36
87
36
627
36
36
36
627
78
627
627
627
19
627
78
627
72
513
78
78
627
1080
36
16
36
26
36
36
87
16
36
87
36
19
26
36
87
513
78
78
78
87
26
78
78
87
627
26
561
78
36
627
26
16
26
19
78
78
99
36
20
627
19
26
627
627
19
36
16
627
19
87
300
23
36
87
36
36
1329
36
87
19
36
21
26
87
19
16
36
627
1329
24
87
36
36
16
78
78
627
627
26
36
28
26
300
26
84
36
42
1329
87
78
26
36
627
1329
87
84
72
78
36
36
36
19
1188
345
30
30
30
30
30
627
87
16
25
1322
57
16
30
26
30
30
87
57
19
25
19
19
30
87
1322
573
28
30
30
30
30
30
19
30
26
30
369
30
87
861
57
26
30
30
627
1322
27
19
30
609
1329
861
30
627
1329
30
1188
30
1322
19
19
69
87
19
30
19
30
87
19
27
16
861
26
30
1322
30
26
30
30
30
19
861
30
57
30
627
57
16
627
87
30
417
87
30
627
19
57
19
87
30
19
30
19
627
26
30
30
30
573
1322
345
16
30
19
30
57
19
30
30
30
30
627
30
30
57
30
1322
30
780
30
49
257
257
30
39
30
30
30
229
257
49
49
26
30
49
39
49
30
257
510
49
30
30
510
30
30
30
267
258
30
30
257
229
44
135
267
30
229
33
41
16
49
39
30
26
30
16
19
49
19
229
229
30
39
30
287
287
258
287
229
16
49
30
19
49
33
267
258
287
1
48
224
1
257
14
1485
31
644
216
87
49
229
19
45
78
31
1676
229
229
28
229
20
1021
19
1655
49
45
19
97
26
31
229
216
229
26
97
95
209
49
229
19
45
25
229
229
45
19
229
25
16
209
229
19
31
31
45
31
45
35
216
19
26
209
19
229
16
229
229
49
19
229
45
229
216
229
19
229
209
19
49
45
25
198
45
209
19
229
31
31
229
615
45
49
19
198
31
19
209
31
45
229
760
45
216
45
209
216
33
19
19
19
229
31
19
19
19
25
19
31
209
31
124
31
19
229
19
31
31
31
211
49
3863
26
49
31
229
49
19
1311
216
31
31
2046
181
26
194
26
19
19
24
19
1786
31
2017
16
31
26
16
31
3273
31
216
39
19
29
3370
45
19
198
16
26
19
45
19
45
19
78
198
26
42
124
19
229
49
229
45
31
19
124
2239
31
31
19
16
31
19
578
198
31
16
19
19
31
26
19
26
19
72
31
257
31
31
31
193
19
31
31
19
1050
216
16
19
1166
31
19
49
31
49
31
19
16
19
1166
26
31
19
316
257
31
49
31
258
1166
124
49
258
198
16
3357
19
257
198
16
19
1006
258
16
26
257
26
55
258
1050
1536
31
31
19
216
31
1166
19
31
31
16
124
221
19
124
124
3359
49
110
287
19
2070
16
209
31
45
193
31
3358
122
31
49
258
19
49
49
209
209
19
216
209
31
31
49
45
31
126
31
229
31
229
19
49
209
45
36
45
49
31
19
49
31
49
19
49
229
216
229
229
19
31
216
19
49
760
31
19
31
229
19
31
36
45
45
19
45
229
45
229
45
45
19
40
39
216
43
229
229
49
31
36
216
760
49
16
19
19
26
45
19
49
49
49
124
229
19
209
19
45
216
99
198
19
19
45
31
229
45
19
238
109
26
229
229
258
229
19
31
49
238
26
26
229
45
26
198
41
31
49
31
258
229
45
19
19
49
258
31
258
192
31
49
31
238
238
760
49
26
1679
35
229
49
57
57
144
31
45
238
19
238
229
124
45
229
209
40
49
229
229
49
31
49
45
31
31
216
209
31
49
238
19
124
216
195
229
229
216
45
229
49
31
198
198
258
258
124
258
19
229
28
258
16
31
229
209
229
229
229
229
163
19
209
229
229
124
31
216
229
49
45
229
229
19
45
19
229
49
49
229
31
209
216
198
229
45
19
143
16
19
124
198
216
19
16
49
45
26
124
229
19
209
229
216
209
45
229
45
229
49
37
16
229
229
45
32
45
216
49
30
216
229
19
31
19
229
229
229
45
31
19
209
229
229
49
199
19
209
49
31
209
31
19
31
45
229
19
229
49
229
229
99
229
429
31
241
19
16
124
316
45
31
64
432
60
65
124
287
149
229
19
31
216
229
19
19
45
229
19
229
45
229
124
19
45
45
49
229
229
325
19
258
19
124
16
19
49
45
295
19
295
45
295
222
49
19
50
220
49
295
209
19
222
345
45
238
19
345
19
45
31
345
49
49
31
19
49
19
26
31
345
31
26
45
345
31
31
45
198
25
199
258
238
238
45
19
273
19
31
31
19
19
19
45
45
222
19
31
19
45
19
258
19
31
19
19
16
19
19
19
45
45
238
45
19
19
124
49
220
16
49
49
45
31
19
19
26
45
19
31
31
28
49
19
45
257
19
258
24
31
19
238
19
16
45
31
220
19
21
45
345
19
49
19
258
19
45
45
19
31
31
49
209
19
31
49
45
229
383
287
286
26
16
527
31
316
31
286
40
26
374
31
79
19
31
208
31
49
19
49
124
45
45
31
45
209
229
16
19
19
45
26
216
45
16
124
19
209
299
19
100
304
16
47
19
432
30
80
19
302
49
304
19
432
372
16
403
30
26
31
461
30
19
19
16
16
355
19
19
19
371
432
461
56
16
19
112
19
19
355
19
273
19
19
19
304
273
19
26
19
80
19
27
287
124
19
229
49
229
26
41
26
26
26
49
229
229
287
31
229
229
19
229
39
45
16
221
229
19
229
19
26
31
31
31
229
147
258
31
26
31
26
49
26
19
49
41
19
31
31
105
49
238
31
26
31
42
16
31
45
27
470
80
19
31
16
19
80
19
19
16
273
19
16
19
45
19
19
31
31
31
80
19
19
31
229
16
31
19
45
31
238
258
31
19
229
19
287
31
49
287
49
16
31
19
229
26
31
19
198
16
19
267
19
49
287
231
31
16
16
216
19
19
26
198
45
19
19
16
19
17
31
31
238
30
71
229
31
251
124
19
31
26
209
211
229
16
19
31
26
26
731
124
31
25
216
238
19
30
26
16
31
31
31
31
615
27
19
26
16
45
78
49
731
16
26
31
19
31
45
231
16
19
19
31
19
19
16
312
16
19
19
287
45
19
31
31
19
19
31
31
31
19
20
19
31
267
26
31
45
19
629
198
26
31
16
16
209
216
124
31
26
31
18
216
19
31
19
19
19
31
31
129
26
49
26
19
198
26
37
19
19
49
356
267
31
31
651
16
316
209
124
49
31
19
29
31
26
19
19
45
31
209
31
19
19
287
16
596
87
36
26
16
36
87
16
513
87
681
16
16
36
19
87
78
87
513
654
78
19
1080
19
87
26
573
36
36
567
84
26
36
627
36
26
1302
36
36
87
36
1080
36
567
26
78
627
87
573
78
627
627
573
36
627
26
627
26
36
87
627
16
627
495
627
627
627
300
297
627
87
87
627
627
26
66
36
36
627
627
627
36
627
36
627
627
627
627
26
627
627
627
26
627
627
435
36
36
16
627
627
36
627
627
513
627
627
36
627
627
36
16
26
26
26
36
36
627
26
627
87
87
627
627
114
114
114
114
19
29
199
199
101
202
101
50
133
399
157
521
474
26
343
33
25
465
34
26
474
212
26
434
560
424
474
26
25
26
99
26
34
33
434
474
25
425
26
424
100
26
25
25
34
237
34
474
25
25
25
26
26
474
424
34
26
33
474
25
34
34
33
33
26
25
26
26
474
34
34
33
26
474
26
26
26
356
72
25
34
474
26
112
34
25
474
34
425
434
26
434
34
464
34
425
424
26
33
33
33
34
26
33
24
465
464
33
25
26
33
34
26
25
474
425
33
474
25
664
34
26
25
34
474
434
465
434
424
33
26
425
434
26
33
225
34
102
26
464
425
34
474
96
332
395
19
11
751
11
1390
1564
20
11
19
1420
20
1420
78
1610
10
20
204
1420
10
1420
20
1420
10
20
20
1420
1420
1420
20
20
20
10
1420
1420
20
1610
1411
1420
1420
11
10
1420
1610
20
580
199
710
789
701
39
70
26
26
199
37
909
799
749
590
29
910
799
909
38
25
590
901
26
37
37
157
347
701
909
29
789
499
36
436
796
35
159
404
701
64
760
50
25
699
756
796
440
799
798
440
25
187
701
40
721
295
50
169
419
413
796
796
799
70
493
796
440
789
64
37
717
701
699
192
97
717
404
50
436
404
26
721
37
42
404
32
31
41
137
632
641
616
31
29
41
627
799
467
796
426
708
489
10
401
27
435
28
27
401
183
799
159
401
796
689
401
799
28
714
541
300
401
19
511
501
37
36
25
64
157
756
25
756
25
509
589
499
510
510
3
3
1397
16
580
91
19
909
32
45
773
45
90
91
580
24
1246
91
471
890
136
19
710
45
31
19
773
754
31
580
909
45
19
909
26
580
754
31
754
168
16
19
19
26
754
910
709
42
699
29
764
190
763
25
73
789
42
764
28
37
29
710
28
28
41
99
29
50
173
29
37
42
26
37
157
37
799
725
710
37
901
64
590
710
37
157
590
590
34
699
50
25
773
26
37
25
789
64
37
28
37
173
763
763
763
37
2
1
1
1
1
16
16
1
1
1
15
178
179
1
180
189
29
180
101
101
101
109
37
189
190
37
142
64
101
101
190
110
199
189
101
199
101
37
25
25
189
101
190
811
299
50
28
501
479
26
327
570
36
41
303
330
499
899
50
39
28
64
29
512
512
53
45
50
64
11
360
360
31
397
37
16
19
360
310
360
380
19
19
19
31
218
202
26
101
202
64
202
309
29
41
59
301
299
99
202
198
220
26
202
218
50
398
109
202
220
37
218
1301
303
37
26
251
37
43
209
1
61
180
90
180
526
525
19
505
180
330
481
509
25
589
26
303
589
109
199
199
189
510
499
50
589
44
37
578
510
28
101
510
478
101
41
410
590
37
110
303
36
541
42
99
599
36
64
599
190
157
50
109
57
202
42
508
303
101
36
42
199
509
64
99
589
157
303
303
50
109
50
587
509
562
50
499
50
42
327
37
499
498
187
99
42
37
529
110
499
510
36
318
318
186
50
599
158
553
36
309
330
595
389
499
110
37
196
37
101
110
303
392
501
501
37
29
510
36
1628
157
42
499
501
303
37
190
590
596
37
128
199
50
510
42
190
535
526
36
109
199
37
189
28
36
50
398
37
186
101
125
108
509
301
101
36
41
494
109
109
590
330
501
110
110
110
199
37
88
109
1152
303
312
199
99
125
330
464
36
157
303
330
303
101
37
50
36
63
509
303
50
109
110
37
303
47
114
50
25
37
37
598
60
303
372
509
318
74
109
37
50
37
36
37
198
478
509
26
157
50
471
50
509
303
26
37
109
50
303
499
303
510
510
598
99
50
41
470
501
202
37
50
157
50
501
502
36
509
1198
698
1649
1198
37
49
444
430
1024
492
1800
975
1235
930
1206
1206
37
1102
1058
1820
36
1646
1818
1820
1589
42
1453
1453
1357
25
660
1032
1414
1649
1662
630
1206
41
654
1198
204
1198
25
1672
1649
626
453
1408
930
1414
26
930
37
28
1206
643
1753
37
1589
453
37
781
1656
36
1656
786
1090
1206
29
36
37
36
775
930
1453
41
544
36
930
1737
1424
643
984
1649
1646
1102
630
721
1206
1646
42
1672
39
28
775
655
50
1662
1662
1649
1649
37
1737
453
1646
1656
930
1089
1672
1198
1011
444
1206
582
37
1032
930
36
444
1002
930
698
1225
1235
930
1662
1206
930
1005
29
1628
1672
930
930
36
37
36
930
578
930
64
1198
646
37
204
37
930
37
582
930
1198
36
930
930
1002
930
1198
1649
1672
603
453
37
25
939
36
930
1206
36
1206
37
930
444
930
930
25
930
1198
930
620
26
582
930
1719
1107
1441
1210
384
81
162
437
525
1214
596
608
774
792
36
640
37
1214
1195
1310
162
387
1214
1719
50
1214
1719
640
29
609
162
586
586
1119
1464
595
1079
930
1572
1068
36
36
36
582
983
941
1206
36
930
40
1819
1206
1662
1753
1589
1346
634
37
1198
603
603
721
582
1662
603
1649
25
37
36
1235
596
1545
1649
50
721
444
444
50
1264
1649
1206
1820
41
547
50
41
28
1672
1628
25
1198
1649
775
1672
1820
1820
1753
602
319
760
930
562
64
50
582
930
36
453
1712
1005
503
706
1712
28
204
420
1712
204
409
885
107
1712
1712
61
19
107
1712
385
47
107
1712
336
31
90
26
166
1623
1712
727
31
389
26
397
16
1011
1820
1023
57
1011
28
444
582
930
1589
26
37
1206
582
1649
503
1820
476
930
41
453
1295
639
698
1198
41
503
1589
37
405
29
839
930
1350
36
204
50
37
1002
1232
1672
25
168
721
71
42
930
591
41
643
37
617
1589
1753
1662
1672
602
472
695
444
28
775
27
1198
1672
775
1157
1672
1018
1346
117
1589
1753
1002
43
37
50
1649
99
1232
1649
204
1753
119
50
1232
37
41
109
1820
1206
50
101
1206
444
1002
930
1011
1753
25
786
1002
1346
37
99
1142
240
1820
65
156
37
775
1038
1346
37
101
578
578
36
930
1235
119
204
37
1589
41
930
638
499
1589
930
57
930
1235
37
930
930
1346
930
37
58
1011
930
1235
42
58
1011
930
1206
50
37
204
37
730
930
1672
930
896
930
1483
1346
499
1819
1232
1198
1672
775
775
1463
621
29
582
37
786
1346
37
582
1672
50
1672
42
29
1664
36
1225
578
1654
1589
1235
64
1206
26
37
930
878
930
582
1235
1820
1198
1672
1198
1745
42
37
603
444
1206
1820
37
37
1206
1206
204
1011
1011
37
1206
1232
37
1198
1232
930
48
1198
1011
28
1753
930
28
1198
37
42
930
1198
930
1662
1198
1672
1198
1198
930
36
1626
42
204
50
1820
42
602
1235
984
503
930
1735
1346
64
1672
1649
453
930
41
1672
948
1346
37
499
930
1753
503
1198
37
499
1672
1662
957
37
48
1649
37
1672
37
1198
50
50
1206
930
786
499
1275
602
775
36
37
930
1232
37
1649
1235
1649
930
930
930
1198
1011
930
42
453
26
930
1672
786
1672
1820
930
1753
36
37
1206
500
36
315
16
706
225
1729
166
411
400
1350
877
1752
19
31
830
88
99
1069
31
1011
939
50
37
603
45
1002
1753
50
1649
36
42
930
1820
1232
50
1717
537
499
930
26
1235
1820
891
1820
42
36
37
25
500
28
930
29
37
1002
44
36
64
1820
204
1672
499
1611
603
1011
37
1346
28
1820
37
1820
969
50
1235
337
930
195
29
443
64
586
37
485
204
322
1210
26
37
677
25
930
36
930
930
64
582
101
26
930
444
50
26
786
50
930
29
28
930
25
1820
37
42
41
101
1649
444
444
36
706
42
1313
37
36
1672
26
1313
786
1753
1589
930
1299
984
444
1189
732
26
930
42
26
930
42
1672
444
37
37
36
26
1198
1198
189
36
37
930
36
25
1753
37
42
1299
36
37
26
1820
453
578
42
36
29
28
930
930
37
1198
1206
1070
1299
41
28
36
318
653
1
1
10
94
18
8
1
1
2
597
10
653
653
653
653
1
9
1
597
157
29
330
28
37
158
303
599
330
398
29
337
64
26
303
312
330
25
37
509
37
1313
303
330
570
37
303
28
599
157
26
303
570
64
330
50
37
64
567
42
327
303
42
510
590
428
567
567
50
599
570
303
303
561
303
199
501
50
101
41
157
327
25
303
327
26
309
37
309
28
37
303
330
37
303
25
570
48
37
570
309
510
330
50
303
599
26
50
589
37
37
499
303
153
26
73
26
26
54
26
570
34
37
41
64
26
499
303
26
303
309
499
312
327
312
29
50
50
303
64
37
25
599
48
327
37
303
327
41
50
109
58
303
157
50
303
26
510
482
42
303
36
599
499
157
567
597
557
25
29
303
64
509
501
36
501
510
589
303
590
508
303
589
303
570
26
25
501
501
499
510
29
157
567
153
548
303
25
510
151
570
303
590
330
499
570
99
501
312
599
36
25
570
25
311
327
567
26
29
597
398
597
599
599
599
509
590
570
589
303
535
533
470
533
501
499
384
533
510
399
510
37
399
28
42
37
510
26
28
405
533
533
533
369
399
29
29
533
327
37
499
327
128
509
533
37
37
535
510
533
110
509
516
303
535
28
26
303
303
303
501
535
533
535
501
28
36
533
533
533
533
50
533
1180
535
312
509
120
533
533
36
303
509
510
405
399
499
303
303
270
535
109
501
501
466
509
533
399
26
405
28
318
37
303
366
399
25
303
501
535
64
28
501
73
26
26
510
309
499
37
101
501
509
510
405
333
409
533
70
405
501
153
26
327
533
303
25
499
398
535
502
509
533
405
509
64
303
499
28
533
510
312
342
533
510
501
499
333
303
29
499
501
499
405
509
399
64
533
535
303
335
333
333
335
26
321
333
303
591
327
270
64
270
303
330
333
41
423
179
333
270
303
333
335
501
299
37
48
299
322
303
392
99
330
380
303
299
378
64
398
25
301
301
390
309
37
25
398
301
380
29
390
28
301
29
390
399
299
301
427
299
310
380
372
635
181
591
501
372
372
37
181
656
654
656
656
675
28
509
501
410
714
64
297
706
707
50
157
639
37
378
616
39
26
37
50
72
499
675
38
42
372
491
36
618
229
635
42
64
372
465
372
716
37
590
372
707
408
372
26
37
36
110
641
372
26
675
190
627
453
627
37
198
157
627
589
198
199
304
36
29
408
372
405
451
454
37
499
99
387
29
494
50
524
707
405
157
28
304
25
25
36
25
826
40
19
19
96
19
19
114
952
40
740
96
16
114
19
114
866
40
852
19
26
40
19
16
852
966
26
40
26
114
334
114
16
106
26
19
96
114
27
96
96
19
19
26
26
106
40
96
114
19
849
746
26
96
114
40
40
114
114
19
114
40
106
114
40
40
40
19
40
106
16
16
19
19
96
19
994
19
114
114
40
26
956
26
286
16
19
96
114
66
40
40
40
19
106
26
40
19
40
40
19
40
16
40
114
96
746
26
30
30
450
30
19
30
98
106
826
852
30
19
30
106
19
30
30
19
30
86
19
518
30
19
30
16
106
826
826
106
16
106
19
26
746
19
30
16
826
19
16
26
826
106
30
19
26
30
19
26
19
30
674
826
30
19
30
30
30
19
30
19
16
16
746
19
30
826
826
30
826
30
19
30
762
826
826
30
106
26
30
852
30
30
30
826
19
30
30
826
106
30
106
826
19
106
30
826
26
106
106
30
30
30
26
826
30
30
30
826
106
30
30
30
26
19
826
19
19
826
106
746
106
746
19
746
40
19
40
746
80
106
40
746
852
80
80
36
19
852
19
106
40
40
106
40
40
826
664
16
100
826
19
106
40
80
80
852
19
852
826
40
40
826
106
106
40
40
106
26
19
40
19
80
40
80
484
744
40
106
19
40
40
746
106
40
746
106
80
826
80
19
106
16
96
106
40
106
826
664
106
40
40
40
16
826
40
106
40
40
19
106
80
40
448
19
19
746
96
80
106
80
40
106
19
480
16
19
16
826
19
56
40
106
40
40
19
106
19
108
40
826
19
744
106
70
40
26
826
96
40
826
826
826
40
826
19
40
26
26
26
468
26
746
40
19
80
826
19
19
412
16
746
40
26
19
826
19
826
19
19
40
40
826
746
96
26
40
26
16
746
19
826
40
826
80
746
19
826
19
19
16
40
96
826
826
16
26
40
26
826
40
16
80
96
19
826
826
76
80
16
826
826
468
80
26
40
826
40
80
19
80
26
40
826
26
26
19
19
40
19
16
96
16
16
826
826
746
40
26
108
96
21
826
746
26
19
19
26
19
40
468
826
26
826
746
40
826
26
40
826
826
568
468
19
40
26
19
40
826
40
80
19
19
19
826
40
40
40
40
826
96
16
16
80
19
40
16
19
19
40
80
826
826
826
80
19
96
826
746
40
19
826
826
16
468
468
152
746
26
746
76
40
826
16
26
16
468
19
19
19
26
40
40
16
16
19
826
40
19
468
40
19
746
40
96
826
19
40
40
826
128
746
80
40
40
16
26
40
26
19
16
826
40
826
19
19
468
19
40
80
26
40
26
19
160
826
26
80
40
80
19
19
826
40
19
826
19
826
16
19
96
16
19
826
26
16
19
96
80
19
746
826
68
826
80
26
826
40
19
40
468
96
80
16
96
826
826
826
19
26
19
826
19
40
80
19
826
80
826
16
19
19
80
19
826
26
16
40
96
826
826
826
40
826
19
26
232
826
40
19
826
80
26
40
19
826
826
40
26
746
19
19
16
468
746
40
152
40
26
19
16
26
40
19
96
40
19
26
80
468
26
40
19
80
19
144
96
748
40
826
826
826
19
26
19
40
19
40
826
40
26
746
19
40
826
80
746
26
40
40
40
19
80
19
80
19
40
96
80
40
40
826
468
746
746
40
24
19
746
19
19
96
80
746
19
826
26
826
826
26
826
26
16
19
826
826
80
19
26
40
26
40
19
826
826
26
112
19
826
19
826
826
18
96
19
40
826
19
826
40
19
468
746
826
19
826
19
26
26
26
826
746
40
826
29
19
19
826
826
19
19
826
26
200
826
19
40
746
40
40
19
826
468
36
40
19
16
40
80
826
746
826
40
468
19
16
26
826
16
826
19
19
19
826
26
826
19
96
746
826
826
36
40
40
826
40
19
19
96
16
19
746
40
16
16
19
664
40
40
19
19
25
80
19
826
26
19
826
19
19
19
19
40
26
40
826
40
746
19
746
826
40
16
826
826
96
19
19
16
19
19
40
36
80
826
40
40
19
19
19
16
746
80
26
19
16
40
826
19
19
16
40
40
80
40
40
826
19
40
19
40
80
16
40
746
19
826
16
19
96
40
40
40
96
40
26
826
40
40
19
40
19
19
826
40
19
19
826
468
826
16
19
16
40
26
40
19
40
40
16
40
19
468
40
40
26
19
826
26
96
468
826
40
826
746
826
19
96
29
19
16
826
40
468
826
40
826
16
19
40
19
826
456
19
19
40
19
26
826
746
826
19
40
19
26
26
19
468
826
19
826
96
26
19
84
826
746
19
36
16
746
26
40
746
19
80
16
26
826
40
40
40
40
26
826
16
108
19
40
80
826
826
19
746
40
40
16
16
16
16
26
40
468
26
746
40
746
26
92
40
96
26
826
826
746
19
40
27
16
40
20
40
19
826
826
826
19
21
468
826
19
16
19
19
826
80
96
40
40
19
40
826
468
26
80
96
26
40
16
40
80
16
40
19
40
468
826
40
96
19
16
16
746
19
40
19
40
468
826
19
468
826
40
40
26
826
468
40
64
40
26
826
19
826
826
746
328
826
19
19
826
23
80
26
40
40
826
746
16
16
826
26
26
826
746
19
468
80
746
826
40
26
468
746
19
826
19
19
26
26
324
826
746
19
826
26
26
40
19
19
19
26
80
96
80
826
468
826
746
26
16
19
96
40
40
26
826
68
468
826
16
80
826
26
19
96
468
40
26
80
96
26
80
19
19
19
19
826
826
19
16
80
36
468
26
19
96
26
826
40
16
826
26
26
19
26
40
96
19
96
16
40
826
19
26
826
19
19
40
19
40
19
26
19
40
826
19
40
16
80
80
40
26
16
826
26
80
826
746
40
826
96
26
826
826
19
19
16
19
18
746
100
826
19
19
746
400
16
80
19
80
40
40
826
16
19
80
826
19
19
26
826
96
40
19
19
19
19
746
826
26
19
19
40
19
468
826
40
19
27
80
40
826
96
26
19
19
746
16
746
40
40
826
19
826
19
26
746
40
80
826
26
40
826
80
19
19
826
19
16
826
96
40
19
40
19
40
26
826
826
26
96
724
27
40
26
44
826
468
19
746
826
40
19
96
16
19
40
826
26
826
80
826
40
19
40
826
96
19
40
26
826
468
468
19
26
19
826
19
826
16
26
826
40
826
40
746
19
19
16
40
40
16
19
826
826
746
80
19
40
826
96
96
56
80
96
16
826
40
468
26
19
96
96
40
26
16
19
826
40
746
16
19
19
40
826
16
40
16
40
80
19
19
19
40
40
826
80
16
80
26
468
80
826
19
746
826
746
80
40
80
40
19
826
826
19
40
19
26
19
80
40
412
40
40
26
19
826
19
40
40
96
40
40
40
746
40
40
19
746
826
826
826
16
40
96
40
826
19
40
26
80
19
26
19
16
26
16
826
40
96
40
826
468
746
826
26
40
19
40
96
96
826
19
16
40
16
826
26
40
19
19
80
826
40
40
17
16
40
826
26
826
244
40
16
826
19
40
40
19
40
40
444
826
304
19
826
468
826
40
826
16
40
96
19
96
80
40
19
96
26
19
826
26
68
826
826
26
23
16
17
40
40
40
826
40
40
826
40
826
16
40
16
19
26
826
468
826
826
826
19
16
96
18
26
19
19
40
19
16
40
826
40
16
40
746
40
746
40
826
826
40
40
26
468
26
19
746
468
19
826
26
40
340
826
468
80
80
26
40
826
468
826
80
96
746
826
26
826
40
19
19
26
826
826
19
826
40
826
468
19
19
19
19
40
40
40
746
40
826
40
96
19
40
80
26
826
40
29
96
19
19
746
40
80
40
826
40
746
826
26
40
40
26
26
826
746
16
19
826
19
40
26
19
742
16
826
826
26
826
19
746
26
36
826
826
19
40
40
19
19
746
16
826
40
746
40
40
40
40
96
40
16
826
40
19
40
40
468
26
19
468
19
96
826
826
19
36
746
16
40
826
80
19
96
468
40
80
60
80
19
16
19
826
40
40
19
40
19
26
16
40
19
26
26
40
40
19
96
19
16
468
40
19
826
40
40
40
19
128
19
96
16
826
826
826
826
19
746
826
484
746
16
19
826
692
40
16
16
826
826
826
26
40
26
19
826
826
16
468
16
40
19
40
19
16
40
19
826
40
16
746
16
19
26
40
26
19
826
746
826
16
826
468
16
40
746
19
16
826
19
16
19
468
19
26
826
19
746
26
26
826
26
19
40
40
80
826
40
40
826
26
826
40
40
228
40
80
19
40
746
40
40
16
40
26
80
16
80
19
16
19
664
40
19
96
40
40
19
19
19
19
19
19
19
80
826
180
26
468
746
19
826
826
19
16
19
19
826
826
746
826
19
826
19
26
40
16
19
26
19
746
826
40
16
40
40
40
96
826
26
40
26
40
19
18
19
16
40
746
826
26
19
27
26
26
26
40
40
468
26
25
80
26
29
826
40
96
468
746
19
26
80
746
40
468
19
19
96
40
40
746
16
40
40
40
20
40
40
19
96
16
19
40
26
26
19
826
20
826
19
80
746
19
96
826
120
26
19
19
19
468
26
16
40
26
826
26
826
40
26
746
40
16
19
26
26
826
40
19
746
826
19
268
26
40
746
40
140
480
40
19
16
40
826
26
746
26
826
19
26
40
40
80
26
40
19
19
16
468
19
468
19
40
40
16
19
72
826
19
19
96
16
16
26
19
19
468
40
19
40
80
19
16
746
19
80
19
19
16
40
826
19
40
19
27
19
26
826
826
16
826
176
40
468
40
40
826
96
26
826
40
826
19
40
36
826
468
19
826
26
826
19
16
468
826
19
19
826
468
40
16
16
826
40
19
26
26
19
19
26
826
16
826
19
40
16
826
16
80
26
16
16
26
826
826
40
40
746
40
826
746
19
40
24
746
19
826
826
746
826
19
746
80
16
40
826
96
26
826
746
19
16
826
26
26
826
826
16
40
26
40
40
826
40
80
80
826
26
826
26
96
16
40
16
16
40
268
26
19
826
26
26
26
16
19
746
40
826
19
19
26
40
26
40
80
40
826
26
826
40
40
826
26
19
746
468
96
40
826
40
19
19
826
19
19
826
19
26
826
746
826
826
16
40
26
19
16
16
40
40
19
746
826
40
16
19
826
40
826
40
26
40
40
40
826
40
40
40
80
40
80
40
40
40
26
468
40
468
19
19
19
21
40
826
40
19
80
32
40
826
19
26
19
826
19
80
40
80
80
40
40
19
19
468
16
80
96
40
40
468
16
19
746
826
19
16
826
826
96
26
19
20
26
96
19
16
826
40
40
40
468
826
746
80
80
19
746
826
19
26
40
16
468
746
826
80
826
40
40
390
40
26
40
96
40
40
40
40
16
26
19
26
826
19
826
19
16
26
19
19
80
19
746
80
826
746
826
826
19
36
468
826
26
826
40
16
826
40
40
40
16
826
40
26
40
40
40
40
826
19
826
19
40
16
26
40
746
40
96
16
826
468
16
40
826
826
40
40
19
116
19
40
80
826
826
826
746
826
746
746
746
826
19
746
746
826
40
826
26
826
26
40
40
826
826
19
26
468
746
468
40
19
26
826
19
26
40
826
746
468
826
19
826
19
19
40
80
826
26
16
19
19
826
80
26
746
826
36
40
40
27
40
468
19
826
826
800
26
40
19
40
826
19
26
16
468
826
826
40
826
826
96
826
746
40
746
400
80
16
96
40
826
19
40
468
40
826
40
468
826
96
80
40
746
826
826
19
40
746
19
19
16
96
40
742
40
826
468
40
26
826
40
826
40
40
84
16
40
26
826
40
746
826
40
26
19
19
826
19
468
80
112
16
19
19
468
826
40
826
80
96
26
19
19
40
826
746
40
826
26
826
16
19
19
826
80
40
746
826
16
26
19
826
16
26
40
24
746
604
826
40
826
826
26
19
826
19
826
40
26
826
40
16
826
40
24
746
40
19
19
19
826
800
40
40
40
826
19
826
19
16
826
40
40
826
746
826
826
468
80
19
746
746
468
826
19
26
746
26
19
826
26
826
80
746
826
40
40
26
16
826
40
826
746
19
80
16
19
826
826
19
19
40
16
80
16
19
96
826
40
826
40
826
40
96
19
826
826
826
26
40
80
26
746
40
40
40
40
826
16
468
96
19
826
826
826
26
40
746
826
19
16
746
19
16
16
826
16
826
746
40
26
26
40
40
19
96
19
19
40
40
40
40
26
16
40
16
40
16
826
826
746
80
826
19
19
826
19
16
40
80
468
40
40
746
746
40
826
826
16
26
26
19
826
19
19
40
826
826
468
826
746
80
496
26
826
80
826
16
746
746
746
480
826
26
746
826
80
16
16
16
26
826
16
40
746
19
40
19
16
468
19
26
26
40
136
19
19
40
19
26
19
826
19
26
96
16
40
826
40
826
40
16
16
468
19
746
26
26
19
216
826
746
26
19
826
746
96
826
16
16
826
19
19
826
40
26
40
40
26
27
826
40
26
19
40
40
746
468
21
96
746
826
19
746
40
40
80
826
16
468
40
26
200
40
80
19
468
40
80
19
80
19
16
40
40
26
826
19
40
40
40
26
160
19
80
468
21
40
19
19
16
19
19
19
826
19
96
19
826
746
22
826
19
826
826
16
468
826
16
16
80
19
468
16
16
80
80
19
746
16
746
19
468
40
40
26
26
390
40
40
826
26
19
40
19
19
746
19
40
746
40
16
19
826
40
40
19
746
19
826
826
40
36
40
96
40
826
40
19
19
468
19
826
826
40
826
16
19
826
40
19
40
826
32
826
40
19
826
40
26
826
16
40
40
826
80
19
19
19
228
40
746
746
19
40
826
19
40
19
26
16
16
16
826
826
80
40
826
19
26
40
826
19
26
16
16
16
40
746
40
26
19
40
19
826
26
84
468
468
40
120
826
16
826
16
826
26
96
19
826
19
40
19
40
19
40
26
40
19
80
200
746
826
96
96
826
826
80
16
19
26
26
19
40
26
40
19
40
468
16
96
40
746
40
40
40
468
784
468
826
80
19
40
40
826
826
826
19
27
19
564
746
40
40
19
468
80
40
26
16
826
16
40
26
16
826
19
826
26
826
19
26
826
40
468
826
19
80
40
96
16
40
40
19
16
826
16
19
826
826
826
19
826
19
16
19
826
26
826
40
40
826
746
19
19
19
428
826
26
26
40
19
40
40
40
40
26
40
40
40
40
40
16
826
40
40
29
19
19
19
40
80
826
826
19
16
468
80
19
19
19
746
468
826
40
16
96
80
826
826
40
26
826
19
746
826
19
468
26
40
40
52
19
746
80
40
19
826
746
26
826
40
80
19
96
80
26
96
19
19
19
19
96
96
746
40
40
26
746
44
26
16
826
80
19
44
19
40
19
19
80
40
746
16
40
26
19
826
826
826
826
19
40
19
40
826
19
19
40
19
826
19
826
26
40
40
826
826
332
826
26
19
16
26
26
26
24
40
826
40
19
16
826
19
468
826
826
80
40
19
746
80
19
364
19
40
16
468
746
746
16
826
32
80
826
96
40
826
26
40
826
826
19
26
96
40
80
23
96
19
96
26
19
746
26
826
18
468
826
16
19
19
19
826
26
26
40
19
19
826
16
19
826
826
40
40
19
826
16
26
80
826
19
80
40
19
746
826
16
19
26
40
40
826
40
826
20
826
40
80
26
96
826
826
826
40
826
19
19
26
40
80
19
40
826
26
96
468
40
826
746
40
746
16
40
19
26
40
26
760
826
80
26
826
826
19
27
826
826
826
19
16
826
19
826
80
16
26
40
19
468
96
96
746
19
19
826
19
826
16
26
19
468
88
826
19
826
19
40
96
826
19
826
26
16
826
40
40
826
826
826
746
746
26
826
80
40
40
826
40
26
468
26
468
19
19
19
80
826
826
40
40
826
468
40
19
826
27
826
96
588
16
40
40
826
19
19
826
826
26
19
826
746
19
40
826
826
19
40
19
826
26
20
29
826
40
468
40
40
826
236
172
40
80
16
826
40
80
468
26
746
16
16
60
26
826
19
80
746
19
19
746
826
96
746
826
26
19
826
40
26
26
826
468
96
26
40
19
26
826
826
19
16
40
40
19
826
826
40
96
826
16
80
708
16
19
826
80
826
826
468
19
19
826
19
16
826
19
19
19
19
826
16
21
826
826
19
26
40
19
826
16
826
19
19
19
826
19
16
19
26
40
746
40
19
116
16
18
826
826
16
96
16
826
826
19
40
16
19
16
40
468
826
96
40
746
96
746
826
826
40
746
16
96
40
26
40
40
40
376
40
16
16
16
26
672
826
826
40
96
826
40
96
826
40
16
18
826
40
16
19
746
40
26
19
432
826
26
19
40
746
26
40
826
80
826
80
19
468
16
96
19
746
468
16
40
826
40
19
468
468
40
19
826
16
80
26
40
826
19
40
40
16
826
40
80
96
96
19
826
19
40
44
360
16
76
40
26
826
32
19
80
16
468
19
826
40
826
40
746
26
96
746
484
26
19
746
826
746
826
19
16
40
16
746
826
120
19
826
80
26
40
16
468
40
468
746
40
80
40
19
826
826
826
18
16
826
504
40
826
26
16
826
19
36
19
40
40
96
16
826
40
826
40
40
17
468
16
26
80
826
19
826
16
826
826
40
40
340
826
96
826
19
746
80
40
26
468
826
19
826
16
468
40
826
26
19
826
26
826
19
19
19
40
19
26
826
16
26
468
19
96
26
19
826
826
80
40
826
40
746
26
19
826
16
40
40
16
826
826
468
16
40
826
826
826
826
826
826
40
826
19
826
18
826
40
26
26
746
40
120
80
468
19
746
826
19
826
746
16
40
468
40
826
826
40
19
26
826
16
16
826
26
16
19
80
40
746
16
80
40
826
40
40
19
236
826
40
19
19
468
80
96
16
19
826
826
26
746
826
826
826
826
19
19
826
826
40
19
19
19
826
40
40
19
19
826
40
826
40
26
26
26
96
40
19
19
80
19
40
16
40
336
19
746
24
40
826
16
468
40
19
826
16
826
826
19
19
80
80
604
40
826
826
40
96
19
26
19
826
468
746
826
19
632
19
826
826
826
826
826
26
16
80
40
746
826
826
96
19
746
826
26
40
746
40
21
19
19
40
96
236
16
826
16
826
40
40
26
26
826
48
19
40
19
40
826
19
40
40
96
80
19
826
40
16
19
40
826
140
826
19
40
16
40
40
40
728
168
26
16
746
19
644
826
16
826
746
26
826
19
826
96
25
826
26
826
826
19
96
826
16
26
826
26
19
40
80
26
16
826
16
80
40
80
40
26
80
19
746
826
80
16
80
26
40
26
468
18
746
40
826
826
826
19
26
40
26
40
826
40
826
16
26
826
19
826
19
96
19
746
40
19
826
468
19
19
26
40
19
26
480
16
19
96
19
26
19
746
19
19
19
96
40
826
826
588
746
826
746
826
40
26
40
746
26
40
40
19
19
19
826
56
40
826
96
80
16
826
80
40
826
19
468
40
826
80
16
19
746
19
40
19
19
80
826
826
26
26
80
19
826
16
826
80
16
40
80
40
40
80
16
40
19
40
40
40
16
19
16
19
826
826
40
19
19
16
19
19
80
80
16
19
826
80
40
40
826
40
40
19
19
468
19
468
19
19
746
80
26
19
746
80
826
746
826
468
80
19
16
26
40
826
746
826
746
40
96
40
40
16
40
40
40
40
19
19
468
826
40
19
29
19
19
826
16
16
40
826
19
26
26
826
26
80
746
40
40
826
26
26
80
16
40
19
26
19
19
19
826
40
40
26
746
19
746
826
19
19
256
96
16
624
468
16
826
40
80
40
826
40
40
19
19
826
40
26
746
26
16
16
468
826
26
26
16
40
40
26
19
40
746
40
19
16
746
80
116
80
16
746
80
826
144
80
40
19
826
16
826
16
26
19
40
40
826
26
826
19
40
40
19
826
16
826
826
80
826
826
19
132
746
40
26
16
19
19
19
19
19
40
826
826
19
826
96
26
19
16
826
826
40
40
826
40
40
25
19
40
826
40
826
746
40
19
80
80
19
40
40
40
80
19
746
40
746
826
826
40
19
19
80
40
26
96
26
26
826
80
80
80
826
746
19
16
826
40
40
826
19
16
40
19
826
80
19
19
19
96
19
19
16
96
60
16
26
16
826
826
96
826
16
826
26
19
40
26
26
16
40
19
826
468
19
826
16
16
40
40
826
40
468
40
746
23
19
468
40
26
19
40
826
826
26
746
826
40
40
826
26
40
826
468
826
826
26
32
40
40
40
96
26
16
746
26
19
40
40
19
26
746
40
826
40
26
19
16
19
826
26
16
336
80
26
468
19
96
26
26
16
80
826
16
40
826
40
19
826
746
826
40
40
80
746
40
40
468
468
26
80
19
40
746
19
826
826
19
826
19
16
468
19
19
826
40
16
826
16
19
40
19
826
19
80
19
826
40
19
40
19
316
26
16
80
826
19
40
16
826
19
826
80
40
19
40
16
468
40
40
40
826
26
468
16
826
16
826
826
468
826
19
40
19
96
19
40
19
826
40
40
40
80
16
80
19
40
40
19
80
826
468
40
826
19
80
19
19
826
19
16
80
19
40
40
468
40
40
19
80
80
40
826
18
40
40
826
826
826
16
826
19
16
23
826
29
96
26
80
16
16
16
40
746
40
40
826
40
19
16
19
826
40
19
16
96
746
826
80
40
40
26
826
16
96
80
826
826
19
468
468
826
746
40
80
19
19
16
26
40
826
746
40
40
16
826
80
40
26
826
96
80
468
468
19
826
826
26
40
16
19
19
468
19
19
19
19
40
16
40
40
40
96
40
19
19
40
40
826
468
826
19
19
228
40
746
40
26
26
26
746
746
228
40
26
826
746
25
228
25
21
26
444
826
826
25
40
26
826
25
26
21
228
21
826
40
25
746
40
21
746
826
40
25
26
25
826
21
21
228
25
26
40
826
26
40
40
40
26
826
746
26
40
746
25
826
26
40
40
40
40
25
25
228
826
40
40
826
40
25
746
746
26
468
746
826
826
25
25
36
826
746
40
826
40
826
228
26
26
26
40
826
21
40
826
40
26
40
826
21
40
25
26
826
826
826
25
40
40
25
25
40
40
826
26
826
40
40
40
26
228
826
25
25
746
826
746
826
25
26
25
826
21
21
26
228
528
826
25
25
25
746
40
40
468
40
826
826
26
52
228
25
468
468
25
746
21
826
21
826
826
25
40
746
25
25
548
40
826
228
25
25
25
26
746
40
228
40
21
826
826
746
826
40
25
40
826
26
826
40
40
26
25
26
826
826
26
25
25
826
21
40
746
21
826
468
228
40
826
21
468
25
21
21
826
40
826
21
826
826
746
826
26
228
826
746
25
25
826
40
746
40
40
25
26
608
826
21
40
40
21
468
40
746
468
468
826
826
826
26
21
25
25
40
40
40
25
25
228
25
826
468
40
40
228
826
746
25
25
25
40
826
25
30
400
751
345
751
400
751
345
378
390
345
751
751
751
751
751
378
345
376
345
400
355
390
400
751
400
355
345
345
355
376
400
751
400
391
751
751
400
400
400
400
391
400
400
751
391
391
390
355
400
400
400
391
391
391
391
400
400
391
751
390
345
400
355
391
355
400
400
751
390
390
355
400
355
400
345
400
390
396
400
390
400
400
751
391
751
355
345
391
355
400
390
400
390
400
391
390
400
390
390
400
390
400
390
345
400
390
355
400
391
391
355
355
345
400
400
391
355
355
400
751
391
400
391
355
400
751
345
355
345
355
345
400
742
355
400
400
355
345
355
742
355
345
742
345
355
400
742
345
355
400
372
268
268
268
268
268
289
268
268
289
268
261
289
268
268
289
261
268
268
261
289
289
268
268
283
283
282
289
283
268
283
289
282
261
283
261
283
268
268
268
268
268
268
282
268
282
268
268
289
289
283
282
283
282
261
268
268
282
282
268
268
289
289
289
268
268
268
268
282
289
283
268
268
268
261
261
282
261
261
268
268
289
261
283
268
283
268
289
289
283
282
289
268
283
289
283
268
289
289
289
261
289
268
289
268
268
289
283
282
268
289
171
28
28
101
31
199
109
63
30
28
188
27
74
41
40
198
189
27
101
101
699
101
99
190
40
40
31
109
690
20
10
11
780
10
20
11
20
20
11
20
1589
31
1123
1390
1195
699
188
61
27
799
27
41
799
138
138
38
28
709
31
699
36
799
32
50
709
104
360
30
10
37
1510
76
47
76
47
134
109
109
189
101
99
110
37
36
101
189
199
36
36
36
110
101
101
41
31
110
189
190
189
41
39
37
27
101
109
40
101
41
50
199
190
699
690
101
28
101
74
27
101
30
110
110
37
101
110
189
701
199
37
27
101
40
109
36
101
42
41
192
109
56
100
155
101
154
110
50
189
37
40
199
101
190
109
101
101
50
27
1301
110
101
190
101
157
101
101
109
101
190
101
101
101
190
189
37
199
189
109
189
42
189
37
101
110
101
110
110
101
101
101
101
101
31
26
96
109
101
101
99
198
199
110
50
110
109
191
37
101
191
110
37
36
157
50
50
42
50
715
736
495
845
11
100
11
580
620
60
60
265
60
411
1
1
1
1
1
1
1
1
1
1
1
1
1
1
1
1
