244
235
152
234
155
235
146
223
134
146
152
146
155
282
1050
591
1140
591
1033
1141
1090
1141
1036
1050
1140
1036
1141
591
1050
1140
1052
586
1140
1050
1052
640
1140
643
1141
1140
1050
1036
1021
840
640
1141
1030
1141
1140
1090
1090
591
591
1061
1050
591
591
1141
1050
1050
640
1060
591
1030
1140
1141
1050
1810
407
407
407
1620
1710
1188
123
1780
1644
1780
1644
1780
1780
1780
1780
1780
1780
1780
1780
1780
1631
1631
1780
1780
1780
1780
1780
1780
1780
1780
1780
1780
1644
1999
1999
200
1980
1980
1980
234
839
597
352
220
342
220
398
399
375
399
220
286
398
218
220
1449
220
220
380
380
398
398
218
398
218
202
380
398
378
1382
1589
1569
1580
1798
1542
1542
911
840
830
840
840
299
580
33
491
540
580
580
580
491
580
580
580
580
490
580
580
490
490
580
580
490
580
540
580
580
491
580
1182
1271
1271
1271
1251
1181
1271
1271
763
707
3502
5934
5934
5934
5934
5934
3503
5912
5912
5912
5823
5351
5822
5912
5912
5822
5912
5912
5822
5351
5823
612
708
1157
1189
444
484
388
416
456
844
416
444
1500
500
883
500
388
1340
388
388
3496
600
3445
3468
3468
3417
3468
3468
920
388
388
388
416
528
528
456
416
456
416
416
1882
1599
1826
1482
602
1712
1846
1827
1713
1845
1776
1846
1713
1484
853
1489
1518
853
1517
2043
1599
1580
1236
1168
808
928
808
1462
872
1599
1460
872
656
656
1520
853
127
1242
823
1915
1440
1599
1524
1592
808
808
1118
1599
1599
1592
1599
808
1599
808
1592
1599
1520
1504
1504
814
808
808
1592
1598
808
1520
808
808
1599
1818
1440
1420
1440
1420
1440
1404
1592
880
880
880
872
981
1710
1755
1799
1778
1698
1799
1792
1258
1792
1799
1799
1791
1792
1791
1791
981
1701
1799
1799
1799
1799
1763
1791
1799
990
1799
1799
1701
1778
1799
1791
1792
990
1792
1799
1799
909
1791
990
1688
1799
1778
1782
1778
1778
1799
1791
1755
1779
1792
990
981
1710
1698
1799
1778
909
1799
1710
1751
1792
1798
1799
2020
2020
2020
2020
2020
2020
2020
1620
95
1620
1620
1620
1620
1620
1402
1601
1620
360
900
1402
1440
180
1791
1799
927
1070
1799
981
1661
1799
1799
909
990
909
909
909
1701
1634
909
909
909
909
909
1041
901
931
909
931
1799
905
905
1715
901
914
905
1780
914
1629
1701
1799
981
981
909
1799
1799
981
1791
1781
909
909
909
909
909
981
1791
927
1799
1750
909
909
909
909
901
909
909
909
1669
909
1792
1792
1797
1799
1710
1701
1792
909
1710
981
1799
1782
1791
1791
1791
1799
741
820
110
1755
1799
909
901
909
1720
909
909
3112
42
172
228
211
218
202
202
301
257
257
108
186
1854
101
1845
101
101
891
3291
1287
2732
2766
2817
2836
2765
2785
2765
2834
2817
2836
2836
2836
2765
2834
2835
2817
2817
2143
2836
2765
2448
2817
2836
2766
2902
2653
2973
2973
1848
3062
3062
2962
1466
2790
204
2902
2902
2902
2782
2790
1358
1358
1358
1421
821
1473
842
822
1593
821
1093
972
830
1496
1496
1594
1489
1489
818
1456
1510
808
1433
1585
1492
1585
2677
5700
5899
5990
3270
5899
3030
5909
3300
5999
3300
5970
3007
5832
5647
5832
5647
3578
5832
3162
5944
5832
5944
3007
5832
5953
3162
5953
5953
5864
3007
5779
2947
3132
5864
5853
5855
5647
3092
5953
5953
5953
3030
3416
5899
3416
3358
3358
3358
5990
5989
5924
5871
5670
3358
5924
3744
3042
3030
5999
5990
5901
3300
3744
5670
3030
5901
5884
5899
5899
5899
5970
2970
3716
5700
5909
5989
5990
3030
5670
3030
5940
3030
3298
5989
5940
3030
5899
5899
5985
5763
3120
5999
3030
3030
3027
3300
5885
5899
3358
3300
3446
3379
5989
3313
5752
5910
3368
5899
3030
5909
5901
5989
5910
2275
3030
5149
5962
5992
3385
3048
3030
3030
5899
5899
3316
2995
1721
1613
3118
3157
2885
1613
3157
2843
2885
2885
1613
1839
3045
1636
1742
3045
3157
3157
1870
2190
1757
3000
3157
3157
2859
2885
2901
1613
3157
3157
1772
1742
1757
1613
3157
3157
2885
3157
3157
2370
3157
3157
3157
3157
3056
2859
2968
2901
2843
3157
2658
1757
3157
1742
2856
3157
3157
2983
2901
3157
3045
3045
1845
3045
3157
3157
1613
2901
3045
2901
1613
3157
1757
2901
2901
2951
1742
2843
1742
1613
2901
3157
2901
3116
1613
1999
1990
1999
1999
1890
1827
1720
1720
1744
1744
1709
1744
1744
1744
1709
1744
1744
1720
1744
1744
1744
1896
1744
1744
1709
1674
1744
1744
1744
1709
1548
1744
1744
1744
1744
1744
1744
1744
1709
1744
1744
1709
1744
1744
1709
1744
1744
1709
1744
1744
1744
1639
1604
1744
1639
1744
1744
1744
1720
1709
1744
1744
1744
1744
1744
1720
1744
1709
1709
1744
1744
1744
1744
1744
1709
1744
1744
1744
1744
1744
1744
1639
1744
1744
1744
1744
1744
1744
1744
1709
1896
1744
1744
1744
1744
1720
1709
1744
1744
1744
1744
1709
1744
1639
1744
1720
1720
1714
1744
1709
1709
1744
1709
1744
1744
1744
1744
1744
1674
1744
1744
1744
1744
1744
1744
1709
1720
1744
1709
1744
1744
1896
1744
1744
1744
1744
1744
1744
1896
1896
1744
1744
1744
1639
1709
1744
1744
1744
1709
1744
1744
1744
1744
1744
1744
1744
1744
474
1744
1744
1744
1744
1744
1744
1709
1744
1744
1744
1744
1744
1744
1744
1709
1674
1709
1896
1744
1720
1744
1744
1744
1744
1709
1709
1709
1744
1709
1744
1744
1709
1744
1744
1744
1744
1744
1744
1744
1744
1744
1744
1744
1744
1744
1744
1744
1744
1744
1744
1744
1744
1720
1744
1896
1709
1709
1744
1709
1709
1744
1744
1744
1744
1744
1744
1744
1720
1744
1709
1744
1720
1744
1744
1744
1744
1639
1744
1744
1896
1744
1709
1744
1744
1744
1744
1744
1744
1674
1744
1744
1744
1709
1709
1744
1744
1639
1709
1709
1744
1744
1744
1744
1896
1709
1744
1744
1720
1744
1709
1744
1896
1709
1720
1744
1744
1548
1744
1709
1720
1744
1744
1744
1744
1744
1744
1744
1709
1744
1709
1709
1744
1744
1709
1744
1744
1744
1744
1744
1744
1720
1744
1744
1720
1744
1744
1744
1720
1744
1744
1744
1744
1744
1744
1720
1744
1744
1744
1852
1709
1709
1896
1720
1744
1744
1709
1744
1744
1744
1744
1744
1709
1744
1744
1744
1744
1744
1709
1744
1744
1744
1744
1896
1744
1744
1744
1709
1744
1744
1744
1744
1709
1744
1744
1744
1744
1744
1744
1639
1744
1744
1744
1709
1744
1744
1709
1744
1744
1639
1727
1674
1639
1744
1709
1744
1646
1744
1744
1744
1709
1720
1744
1744
1709
1744
1744
1744
1744
1744
1744
1744
1744
1720
1744
1709
1709
1744
1744
1709
1709
1744
1744
1744
1744
1744
1744
1720
1896
1709
1744
1744
1744
1744
1744
1744
1744
1709
1744
1744
1744
1709
1744
1744
1720
1744
1709
1744
1744
1744
1639
1709
1744
1744
2011
2080
2080
2080
2080
2080
1804
2011
1804
2080
2080
2011
2011
2040
2080
2011
2080
2080
2080
2028
2080
2011
1942
2080
2080
2011
2080
2080
2011
2080
2080
2011
2080
2080
2028
2080
2080
2028
2080
2080
2080
2080
2080
2080
2080
2058
2080
2080
2080
2011
2080
2011
2080
2080
2040
2080
1900
2080
2011
2080
2080
2080
2080
2028
2080
2080
2080
2011
2080
2011
2080
2080
2080
2080
2080
2011
2011
2040
2028
2080
2080
2080
2080
2080
2080
2028
2011
2080
2080
2080
2011
2080
2080
2080
2011
2080
2080
2028
2080
2080
2080
2011
2080
1897
2011
2080
2080
2011
2080
2011
2080
2080
2080
2011
2080
2040
2080
2080
2080
2028
2080
2080
2080
2080
2080
1942
2011
2080
2080
2080
2080
2080
2080
2028
2080
2080
2080
2080
2080
2080
2040
2080
1900
2011
2080
2080
2080
1900
2080
2080
2080
2028
2011
2080
2080
2080
2028
2080
2080
2080
2080
2080
2080
2080
2080
2080
2011
2028
2080
2011
2011
2040
2080
2080
2080
2080
2028
2080
2080
2080
2080
2028
2080
2080
2080
2011
2080
2080
2080
2080
2080
2080
2080
1985
2028
2080
2011
2011
2011
2011
2080
2080
2040
2028
2080
2040
2080
2080
2080
2080
2080
2080
2080
2080
2011
2160
2080
2028
2080
2080
2080
2080
2080
2080
2080
2080
2011
2011
1942
2060
2080
2080
2080
2080
2080
2080
2080
2080
2080
2080
2011
2080
1900
2080
2080
2080
2011
2080
2028
2080
2080
2028
2080
1804
2080
1941
2011
2011
2080
2080
2080
2080
2080
2011
2080
2080
2080
2080
2046
2080
2028
1900
2080
2080
2080
2080
2080
2080
2011
2011
2080
2080
2080
2080
2011
2080
2011
2080
2080
2080
2080
2080
2080
2080
2080
2080
2080
1900
2011
2011
2028
2080
2080
2080
1804
2080
2011
2080
2080
2080
2011
2011
2011
2011
2080
2080
2080
2028
2080
2080
2080
2080
2011
2011
2011
2080
2080
2011
2080
2080
2080
2080
2080
2011
2080
2011
2011
2080
2011
2058
2080
2080
2080
2080
2011
2080
2080
2080
2011
2080
2080
2080
2080
2080
2080
2080
2080
2011
2080
2080
2080
2080
2080
2080
2011
2080
2028
2080
2080
2080
2080
2080
2011
2080
2080
2080
2011
2080
2080
2028
2080
2080
2080
2080
2080
2028
2080
2028
2080
1804
2080
2080
2080
2080
2080
2080
2080
2080
2080
2080
2080
2011
2011
2011
2080
2080
2011
2080
2080
2011
2080
2080
2011
2080
2080
2080
2040
2080
2011
2080
2080
1942
2080
1900
2011
2011
2080
2080
2080
2011
2080
2080
2080
2080
2080
2080
2011
2080
2080
2080
2080
2080
2011
2011
2011
2080
2080
1971
2080
2080
2080
2080
2080
2080
2080
2080
2080
2080
2080
3718
3699
3630
1700
3699
3716
3649
3699
3630
3699
1700
3718
3630
3718
3359
3718
3718
3699
3699
3359
3718
3699
3302
3630
3432
3699
3699
3718
3699
3699
3699
3699
3718
3699
3432
3718
3718
3607
3630
3718
3718
3718
3718
3649
3699
3699
3699
3432
3699
3699
3699
3630
3649
3699
3718
3718
3718
3381
3630
3607
3630
3699
3718
3718
3699
3718
3718
3699
3630
3630
3649
3699
3699
3718
3718
3248
3718
3718
3699
3718
3718
3718
3699
3718
3630
3718
3562
2862
2860
2827
2790
2799
2772
2769
2844
2824
2819
2750
2776
2816
3649
3630
3718
3718
1700
3630
3718
3718
3064
3332
3699
3699
3718
3630
3717
3630
3699
3699
3699
3630
3648
3699
3432
3699
3699
101
101
101
189
110
189
110
101
490
421
195
180
12
390
404
798
799
404
799
799
1131
1131
1139
1131
677
1131
1164
1199
1180
970
776
776
776
776
775
775
775
776
776
776
775
775
776
776
776
726
770
770
770
770
770
770
770
770
1554
1277
1496
1515
1496
1496
1512
1515
1496
1496
1496
1496
1496
1455
1496
1496
1515
1496
1496
1496
1496
1496
1496
1496
1496
1496
389
101
101
190
101
101
101
943
80
80
580
60
190
109
180
109
101
101
699
710
590
589
590
699
709
709
701
590
710
644
524
699
589
739
724
699
2
2
3
3
3
3
3
3
3
583
599
580
580
580
580
109
580
527
110
109
101
1598
1399
1399
276
41
545
495
339
1097
398
508
608
576
518
599
519
510
576
518
312
519
312
606
600
598
579
312
312
228
396
608
510
606
598
579
510
606
312
339
312
312
519
312
508
336
510
576
312
312
606
508
462
549
548
538
1063
668
548
44
780
780
744
716
1389
1086
728
1359
1478
1388
1478
1388
842
1478
1358
1478
1358
1326
1478
1388
1389
1085
1358
1418
1086
1389
728
1478
1389
1086
1389
816
880
1510
1430
1458
808
1594
1594
808
1434
1438
880
1430
872
1481
1585
808
1510
872
808
1438
1585
1585
1585
808
872
808
808
872
1585
808
808
1510
1585
808
1594
1594
1594
1510
1525
1518
1510
913
1585
1510
1594
1594
808
808
808
1585
808
1438
808
808
1199
1199
109
101
101
101
101
400
363
699
501
366
725
789
789
621
180
190
180
190
199
109
733
1540
737
809
499
199
305
399
283
398
635
644
560
100
620
100
893
875
962
961
974
728
832
938
943
988
607
718
505
989
545
561
938
938
999
988
932
988
505
988
505
649
942
505
523
505
505
667
939
688
545
941
505
988
634
532
943
890
990
988
523
505
916
901
920
938
988
505
505
505
802
820
901
505
505
505
940
505
505
505
989
505
901
901
901
909
505
505
943
999
999
989
988
901
505
683
899
616
989
990
505
943
505
990
988
989
901
989
999
901
999
910
999
901
505
881
505
910
999
505
990
703
989
910
989
910
901
505
535
901
938
938
943
998
999
734
535
989
765
899
989
938
999
973
999
505
901
989
859
901
988
860
901
989
989
990
973
990
988
600
999
999
938
999
938
938
988
989
610
909
943
999
535
999
938
505
901
505
999
938
990
901
853
901
505
990
943
938
909
505
973
530
740
999
505
989
530
988
938
509
989
938
505
909
505
999
901
505
505
505
973
899
535
901
505
505
505
531
899
7
7
13
13
180
11
110
110
101
190
190
101
901
999
505
518
505
523
983
505
988
899
999
520
546
536
545
545
901
901
602
467
764
437
467
764
467
764
764
437
437
563
505
904
502
899
899
501
904
904
901
901
904
904
904
493
505
505
505
493
502
505
505
505
505
505
505
505
901
520
904
505
493
505
520
1166
738
95
662
657
775
1305
720
1306
1375
1348
904
1306
998
783
1387
720
1321
1402
1139
1402
754
728
1025
1319
1079
750
1303
1218
1411
1319
1019
1401
750
738
720
776
776
1412
776
1305
722
1312
783
783
1305
720
722
783
720
720
1375
738
720
720
1305
720
720
783
720
720
720
720
720
1375
720
720
720
1375
720
776
720
1403
783
776
720
1403
720
783
776
783
774
720
720
1312
720
720
1412
720
720
1312
1402
720
720
1401
147
1312
1402
1375
1375
776
720
776
776
1403
720
1305
729
774
1305
1403
1312
1412
720
1375
720
720
1412
767
720
720
765
720
1314
1262
1323
1314
1323
776
720
1314
1314
773
722
783
1323
1336
1334
765
1375
1412
720
720
776
720
720
1312
1099
1403
1312
1115
720
720
1375
1305
1402
1403
774
720
1339
720
1403
720
1375
1305
1412
720
1375
1402
720
1403
720
720
720
793
1403
1402
720
1312
720
720
1312
783
1375
720
1305
720
1312
720
1312
1312
720
1311
828
1412
1312
1375
720
1375
1213
1312
720
733
1361
776
720
720
1312
720
1403
1700
1701
1640
1681
1641
1640
1681
1691
1780
1681
1047
1681
1636
1691
1780
1691
1781
1640
1641
1681
1692
1781
1701
1701
1641
1681
1641
1781
1690
1792
1783
1891
1872
1029
1892
966
1892
1892
1892
966
1740
1047
966
1892
1892
1047
1740
966
1892
966
1782
1783
1872
1782
1872
1872
984
1620
1780
1780
1690
866
110
1730
1624
1740
2
20
180
180
180
180
180
180
180
180
99
180
65
182
101
1293
143
127
104
143
101
199
124
101
143
189
101
109
1240
1362
180
180
180
91
109
101
101
290
360
210
360
380
231
222
231
231
378
380
221
280
355
202
310
301
299
301
299
309
301
301
299
310
301
228
299
301
309
202
299
218
389
310
299
309
310
310
389
301
299
301
299
309
310
301
310
399
602
309
299
310
788
189
199
110
101
189
101
301
301
309
326
495
483
455
330
488
485
543
499
512
330
303
546
547
544
327
488
547
498
525
488
482
525
498
525
482
482
490
543
482
303
478
578
482
588
588
300
303
490
321
303
303
303
303
598
1399
464
568
568
327
303
4107
5901
5910
5901
5921
5709
886
5970
5989
4110
5964
5909
5964
5910
5999
5901
3030
499
303
501
303
501
590
303
303
501
303
499
303
327
590
330
590
597
436
499
597
303
303
510
303
501
510
330
589
499
330
509
597
327
590
303
499
501
303
303
546
499
501
368
374
358
358
580
580
612
358
584
366
631
631
357
359
612
357
523
359
584
336
363
630
330
614
630
330
330
630
432
630
597
330
597
363
630
630
336
330
330
504
330
330
330
330
593
363
597
330
593
593
330
363
593
330
593
360
511
630
626
630
363
626
689
600
600
626
626
568
688
363
441
363
363
363
5
61
109
189
199
199
190
101
190
189
189
660
199
109
109
199
110
189
190
159
190
199
199
199
190
2269
2311
2269
2289
2311
2100
3969
4123
2269
4198
2121
2269
3969
501
303
567
309
500
327
303
509
303
500
510
571
599
589
499
303
509
303
589
810
999
532
505
937
545
934
925
899
900
515
902
935
505
550
505
899
505
505
505
906
901
505
899
505
505
901
899
899
871
580
871
990
550
505
907
505
910
505
702
989
902
505
529
907
523
907
902
899
910
999
910
849
545
861
999
505
879
899
990
545
925
523
909
909
505
907
899
760
782
697
909
952
901
505
505
899
910
636
910
906
980
909
980
514
906
901
901
916
505
545
505
505
541
867
505
505
948
505
907
505
505
505
550
910
505
514
505
505
505
505
505
969
505
505
806
907
907
505
697
514
901
505
505
604
505
505
505
899
505
550
553
505
505
514
505
715
505
725
514
505
505
725
720
505
505
505
901
715
720
550
715
505
634
720
725
725
505
505
1327
1510
505
505
899
899
901
550
505
495
686
840
505
505
505
514
874
909
505
505
892
901
505
952
735
990
989
505
902
952
771
999
989
740
550
545
706
902
894
907
505
550
952
899
907
910
952
505
532
209
229
746
826
826
826
826
826
826
826
826
826
826
826
826
852
852
852
852
852
852
852
845
845
845
845
845
826
1112
878
888
888
888
852
852
852
878
826
826
826
826
826
1138
1138
1138
1138
878
878
826
826
852
852
852
852
852
852
852
826
852
852
852
852
852
852
852
852
852
852
510
510
525
525
524
525
826
826
826
826
826
826
826
826
826
826
1086
1112
1112
826
826
826
826
826
982
826
826
826
826
826
826
826
826
826
852
826
826
826
826
826
826
826
826
826
826
826
826
826
826
826
826
826
982
982
826
826
826
826
826
826
826
826
826
826
826
826
826
826
826
826
826
826
826
826
904
930
852
852
852
852
826
826
826
826
826
826
826
826
826
826
826
826
826
826
852
852
826
826
826
826
826
826
826
826
826
826
826
826
826
466
466
466
466
826
826
826
826
826
826
826
826
826
826
826
621
2245
2290
2290
2290
2290
2290
2200
2290
2290
2290
2290
2110
2290
2290
2290
2290
2290
627
627
627
1080
627
567
627
627
627
627
627
1080
1329
1329
1329
1188
1322
1322
1188
1322
1322
1322
1322
780
267
287
287
287
267
287
1485
644
1676
1021
209
229
229
209
209
229
229
229
229
229
209
209
229
615
209
229
760
209
229
209
3863
3273
3370
3357
3359
3358
209
209
760
229
229
229
760
229
209
229
238
258
238
258
258
258
238
760
1679
238
238
209
209
238
258
258
258
258
229
229
209
229
229
229
209
229
229
209
209
229
229
229
229
209
229
209
209
229
229
229
429
229
229
229
325
345
345
345
345
383
374
209
229
209
299
461
461
287
287
287
287
356
287
681
1080
1302
1080
567
627
627
627
627
627
627
627
627
627
627
627
627
627
627
627
114
199
199
101
202
399
521
474
465
474
560
474
474
100
474
474
474
474
474
474
112
474
464
465
464
474
474
664
474
465
464
474
96
332
395
751
1390
1564
1420
204
1420
1420
1420
1420
1420
1420
1420
1610
1411
1420
1420
1420
1610
580
710
701
909
799
749
910
799
909
901
347
909
789
436
796
404
701
760
699
756
796
440
799
798
440
701
721
419
413
796
796
799
493
796
440
789
717
717
404
436
404
721
404
137
632
641
627
799
467
796
426
708
401
435
401
799
401
796
689
401
799
714
401
501
756
756
1397
580
909
580
471
890
710
773
754
580
909
909
580
754
754
754
910
709
699
764
763
710
799
710
901
590
710
590
699
789
16
16
15
178
179
180
189
180
101
101
101
109
189
190
142
101
101
190
110
199
189
101
199
101
189
101
190
811
299
479
327
570
303
330
899
360
360
397
360
310
360
380
218
202
202
202
309
301
299
202
220
202
218
398
202
220
218
1301
303
61
526
525
505
330
481
509
589
303
589
510
499
589
578
510
510
478
410
590
303
541
599
599
508
303
509
589
303
303
587
509
562
499
327
499
498
529
499
510
318
318
599
553
309
330
595
389
499
303
392
501
501
510
499
501
303
590
596
510
535
526
398
509
301
494
590
330
501
303
312
330
464
303
330
303
509
303
303
598
303
372
509
318
478
509
471
509
303
303
499
303
510
510
598
470
501
501
502
509
1800
975
930
1820
1646
1818
1820
1662
1672
930
930
1753
1656
1656
930
930
1737
984
1646
1646
1672
1662
1662
1737
1646
1656
930
1672
1011
930
1002
930
930
1662
930
1672
930
930
930
930
930
930
930
930
1002
930
1672
939
930
930
930
930
930
930
930
1719
1107
774
792
1195
1719
1719
1119
930
1068
983
941
930
1819
1662
1753
1662
1820
1672
1672
1820
1820
1753
930
930
1712
1005
1712
1712
1712
1712
1712
1712
1623
1712
1011
1820
1011
930
1820
930
930
1002
1672
930
1753
1662
1672
1672
1672
1753
1002
1753
1820
1002
930
1011
1753
1002
1820
930
930
930
930
930
930
930
1011
930
1011
930
930
1672
930
930
1819
1672
1672
1672
1664
1654
930
930
1820
1672
1745
1820
1011
1011
930
1011
1753
930
930
930
1662
1672
930
1820
984
930
1735
1672
930
1672
948
930
1753
1672
1662
957
1672
930
930
930
930
930
1011
930
930
1672
1672
1820
930
1753
1729
1752
830
1011
939
1002
1753
930
1820
1717
930
1820
1820
930
1002
1820
1672
1011
1820
1820
930
930
930
930
930
930
930
1820
1672
1753
930
930
930
1672
930
1753
1820
930
930
653
597
653
653
653
653
597
330
303
599
330
337
303
312
330
509
303
330
570
303
599
303
570
330
567
327
303
510
590
428
567
567
599
570
303
303
561
303
501
327
303
327
309
309
303
330
303
570
570
309
510
330
303
599
589
499
303
570
499
303
303
309
499
312
327
312
303
599
327
303
327
303
303
510
482
303
599
499
567
597
303
509
501
501
510
589
303
590
508
303
589
303
570
501
501
499
510
567
303
510
570
303
590
330
499
570
501
312
599
570
311
327
567
597
398
597
599
599
599
509
590
570
589
303
535
533
470
533
501
499
533
510
399
510
399
510
405
533
533
533
369
399
533
327
499
327
509
533
510
533
509
303
535
303
303
303
501
535
533
501
533
533
533
533
533
535
312
509
533
533
303
509
510
405
399
499
303
303
535
501
501
466
509
533
399
405
318
303
366
399
303
501
535
501
510
309
499
501
509
510
405
333
409
533
405
501
327
533
303
499
398
535
502
509
533
405
509
303
499
533
510
312
342
533
510
501
499
303
499
501
499
405
509
399
533
535
303
335
333
335
321
333
303
327
270
270
303
330
333
333
270
303
333
299
299
322
303
392
330
380
303
299
378
398
301
301
390
309
398
301
390
301
390
399
299
301
427
299
310
380
372
635
591
372
372
656
654
656
656
675
410
714
706
707
639
378
616
675
372
491
618
635
372
465
372
716
372
707
408
372
641
372
675
627
627
627
408
372
405
451
454
387
494
707
405
826
952
994
956
852
826
826
826
826
826
826
826
826
826
826
826
826
826
826
826
826
826
826
826
826
826
826
826
826
826
826
826
826
826
826
826
826
826
826
826
826
826
826
826
826
826
826
826
826
826
826
826
826
826
746
826
826
826
826
826
826
826
826
826
826
826
826
826
826
826
826
826
826
826
826
826
826
826
826
826
826
826
826
826
826
826
826
826
826
826
826
826
826
826
826
826
826
826
826
826
826
826
751
751
751
751
751
751
751
751
751
751
751
751
751
751
751
751
751
751
751
742
742
742
742
268
268
268
268
268
268
268
268
268
268
268
268
268
268
268
268
268
268
268
268
268
268
268
268
268
268
199
109
188
198
189
101
101
699
101
190
690
11
780
20
20
1589
1123
1390
1195
699
799
799
709
699
799
709
1510
76
134
109
101
110
101
189
199
110
101
101
110
189
190
189
101
109
101
199
190
690
101
101
101
110
110
101
110
701
199
101
109
101
192
109
56
100
155
101
110
189
199
190
109
101
101
1301
110
101
190
101
101
101
109
101
190
101
101
101
189
199
189
109
189
189
101
110
101
110
110
101
101
101
101
96
109
101
101
199
110
109
191
101
191
110
715
736
495
845
100
580
620
